"Stars","Title","Entry ID","Entry Name","Date Added","Date Modified","PDB CRYST1 a","PDB CRYST1 b","PDB CRYST1 c","PDB CRYST1 alpha","PDB CRYST1 beta","PDB CRYST1 gamma","PDB CRYST1 Space Group","PDB CRYST1 z","PDB format version","Source Path","Source File","Source File Index","entry id backup","ran protassign","prepared","prepared with version","Potential Energy-OPLS3e","RMS Derivative-OPLS3e","Max Derivative-OPLS3e","Stretch Energy-OPLS3e","Bend Energy-OPLS3e","LJ-14 Energy-OPLS3e","El-14 Energy-OPLS3e","Van der Waals Energy-OPLS3e","Electrostatic Energy-OPLS3e","Dihedral Energy-OPLS3e","target temperature","ran impref","grid version","gridbox xcent","gridbox ycent","gridbox zcent","gridbox xrange","gridbox yrange","gridbox zrange","gridbox ligxrange","gridbox ligyrange","gridbox ligzrange","grid type","receptor","Line_Number","IC50","chiral flag","version","ct enhanced stereo status","mmshare version","input","cmdline","tautomer probability","Ionization Penalty","Ionization Penalty Charging","Ionization Penalty Neutral","State Penalty","Charging Adjusted Penalty","Tot Q","Tot abs Q","flags","Force Field","Energy","Chiralities Consistent","Variant","glide gridfile","glide lignum","glide rotatable bonds","docking score","glide ligand efficiency","glide ligand efficiency sa","glide ligand efficiency ln","glide gscore","glide lipo","glide hbond","glide metal","glide rewards","glide evdw","glide ecoul","glide erotb","glide esite","glide emodel","glide energy","glide einternal","glide confnum","glide posenum","glide eff state penalty","Chemistry Notes","EZ 1"
,"995 - minimized","7549","995.1","2025-11-13 15:23:04","2025-11-13 15:23:04",177.910,177.910,177.910,90.000,90.000,90.000,"P 1",1,"3.0","/home/db/Documentos/David_Hito2/Glide/docking_results/SP/1E9Z-glide-grid_995","docking_pv.maegz",1,"75",true,true,"2020-3",-22116.222,0.070,2.512,13.370,849.053,985.314,-699.351,-2173.486,-21133.016,41.893,298.000,true,88139,-25.770,5.774,0.351,25.000,25.000,25.000,10.000,10.000,10.000,"glide",true,,,,,,,"","",,,,,,,,,,"",,,"","",,,,,,,,,,,,,,,,,,,,,,"",""
,"72707601.0","7550","75_72707601.0.1","2025-11-13 15:23:04","2025-11-13 15:23:04",,,,,,,"",,"","/home/db/Documentos/David_Hito2/Glide/docking_results/SP/1E9Z-glide-grid_995","docking_pv.maegz",2,"",,,"",,,,,,,,,,,,,,,,,,,,,,,"",,75,131000,true,0,2,51139,"W09IXVtOSF1DKD1PKVtDSDJdW0NAQEhdKFtPSF0pYzFbY0hdW2NIXVtjSF1jKFtPSF0pW2NIXTE=","J2VwaWtfcHl0aG9uJywgJy1waHQnLCAnMC4wJywgJy1waCcsICc3LjAnLCAnLXRuJywgJzgnLCAnLW1hJywgJzIwMCcsICctaW1hZScsICc8aW5maWxlLm1hZT4nLCAnLW9tYWUnLCAnPG91dGZpbGUubWFlPic=",1.000,0.0083,0.0000,0.0083,0.0000,0.000,0,0,0,"OPLS3e",8.591,true,"72707601.0-1","glide-grid_995",75,7,-5.756,-0.411,-0.991,-1.582,-5.756,-2.088,-0.431,0.000,-2.064,1.834,-19.539,1.672,-0.006,-16.802,-17.705,3.722,16,231,0.000,"This compound has a N-S or N-O group and may undergo hydrolysis at high or low pH.",""
,"72707601.0","7551","75_72707601.0.1","2025-11-13 15:23:04","2025-11-13 15:23:04",,,,,,,"",,"","/home/db/Documentos/David_Hito2/Glide/docking_results/SP/1E9Z-glide-grid_995","docking_pv.maegz",3,"",,,"",,,,,,,,,,,,,,,,,,,,,,,"",,75,131000,true,0,2,51139,"W09IXVtOSF1DKD1PKVtDSDJdW0NAQEhdKFtPSF0pYzFbY0hdW2NIXVtjSF1jKFtPSF0pW2NIXTE=","J2VwaWtfcHl0aG9uJywgJy1waHQnLCAnMC4wJywgJy1waCcsICc3LjAnLCAnLXRuJywgJzgnLCAnLW1hJywgJzIwMCcsICctaW1hZScsICc8aW5maWxlLm1hZT4nLCAnLW9tYWUnLCAnPG91dGZpbGUubWFlPic=",1.000,0.0083,0.0000,0.0083,0.0000,0.000,0,0,0,"OPLS3e",8.591,true,"72707601.0-1","glide-grid_995",75,7,-5.520,-0.394,-0.950,-1.517,-5.520,-1.938,-0.561,0.000,-2.065,-1.834,-16.786,1.672,-0.020,-16.607,-18.620,5.867,17,149,0.000,"This compound has a N-S or N-O group and may undergo hydrolysis at high or low pH.",""
,"72707601.0","7552","75_72707601.0.1","2025-11-13 15:23:04","2025-11-13 15:23:04",,,,,,,"",,"","/home/db/Documentos/David_Hito2/Glide/docking_results/SP/1E9Z-glide-grid_995","docking_pv.maegz",4,"",,,"",,,,,,,,,,,,,,,,,,,,,,,"",,75,131000,true,0,2,51139,"W09IXVtOSF1DKD1PKVtDSDJdW0NAQEhdKFtPSF0pYzFbY0hdW2NIXVtjSF1jKFtPSF0pW2NIXTE=","J2VwaWtfcHl0aG9uJywgJy1waHQnLCAnMC4wJywgJy1waCcsICc3LjAnLCAnLXRuJywgJzgnLCAnLW1hJywgJzIwMCcsICctaW1hZScsICc8aW5maWxlLm1hZT4nLCAnLW9tYWUnLCAnPG91dGZpbGUubWFlPic=",1.000,0.0083,0.0000,0.0083,0.0000,0.000,0,0,0,"OPLS3e",8.591,true,"72707601.0-1","glide-grid_995",75,7,-5.512,-0.394,-0.949,-1.515,-5.512,-1.904,-0.290,0.000,-1.788,1.193,-20.825,1.672,-0.138,-16.315,-19.632,6.893,20,98,0.000,"This compound has a N-S or N-O group and may undergo hydrolysis at high or low pH.",""
,"85518320.0","7553","200_85518320.0.1","2025-11-13 15:23:04","2025-11-13 15:23:04",,,,,,,"",,"","/home/db/Documentos/David_Hito2/Glide/docking_results/SP/1E9Z-glide-grid_995","docking_pv.maegz",5,"",,,"",,,,,,,,,,,,,,,,,,,,,,,"",,200,100000,false,0,2,51139,"Tz1DMU9bQ0gyXUMoW09IXSk9QzFjMltjSF1bY0hdW2NIXVtjSF1jMkNs","J2VwaWtfcHl0aG9uJywgJy1waHQnLCAnMC4wJywgJy1waCcsICc3LjAnLCAnLXRuJywgJzgnLCAnLW1hJywgJzIwMCcsICctaW1hZScsICc8aW5maWxlLm1hZT4nLCAnLW9tYWUnLCAnPG91dGZpbGUubWFlPic=",1.000,0.0006,0.0001,0.0005,0.0000,0.000,-1,1,0,"OPLS3e",6.882,true,"85518320.0-1","glide-grid_995",195,1,-5.283,-0.377,-0.910,-1.452,-5.283,-1.547,0.000,-2.300,-2.130,-4.630,3.650,0.378,0.000,1.395,-0.980,11.094,3,12,0.000,"This compound has an ester and may undergo hydrolysis at high or low pH.",""
,"72707601.0","7554","75_72707601.0.1","2025-11-13 15:23:04","2025-11-13 15:23:04",,,,,,,"",,"","/home/db/Documentos/David_Hito2/Glide/docking_results/SP/1E9Z-glide-grid_995","docking_pv.maegz",6,"",,,"",,,,,,,,,,,,,,,,,,,,,,,"",,75,131000,true,0,2,51139,"W09IXVtOSF1DKD1PKVtDSDJdW0NAQEhdKFtPSF0pYzFbY0hdW2NIXVtjSF1jKFtPSF0pW2NIXTE=","J2VwaWtfcHl0aG9uJywgJy1waHQnLCAnMC4wJywgJy1waCcsICc3LjAnLCAnLXRuJywgJzgnLCAnLW1hJywgJzIwMCcsICctaW1hZScsICc8aW5maWxlLm1hZT4nLCAnLW9tYWUnLCAnPG91dGZpbGUubWFlPic=",1.000,0.0083,0.0000,0.0083,0.0000,0.000,0,0,0,"OPLS3e",8.591,true,"72707601.0-1","glide-grid_995",75,7,-5.180,-0.370,-0.892,-1.424,-5.180,-1.829,-0.208,0.000,-2.041,9.981,-20.680,1.672,-0.172,-9.350,-10.699,4.294,15,276,0.000,"This compound has a N-S or N-O group and may undergo hydrolysis at high or low pH.",""
,"130006294.0","7555","283_130006294.0.1","2025-11-13 15:23:04","2025-11-13 15:23:04",,,,,,,"",,"","/home/db/Documentos/David_Hito2/Glide/docking_results/SP/1E9Z-glide-grid_995","docking_pv.maegz",7,"",,,"",,,,,,,,,,,,,,,,,,,,,,,"",,283,58900,false,0,2,51139,"W09IXVtOSF1DKD1PKVtDSDJdW05IXWMxW2NIXVtjSF1bY0hdW2NIXWMxQ2w=","J2VwaWtfcHl0aG9uJywgJy1waHQnLCAnMC4wJywgJy1waCcsICc3LjAnLCAnLXRuJywgJzgnLCAnLW1hJywgJzIwMCcsICctaW1hZScsICc8aW5maWxlLm1hZT4nLCAnLW9tYWUnLCAnPG91dGZpbGUubWFlPic=",1.000,0.0036,0.0000,0.0036,0.0000,0.000,0,0,0,"OPLS3e",20.874,true,"130006294.0-1","glide-grid_995",278,5,-5.088,-0.391,-0.920,-1.427,-5.088,-2.407,-0.223,0.000,-1.708,-5.292,-10.404,1.219,-0.142,-8.590,-15.696,13.602,15,256,0.000,"This compound has a N-S or N-O group and may undergo hydrolysis at high or low pH.",""
,"155562391.0","7556","88_155562391.0.1","2025-11-13 15:23:04","2025-11-13 15:23:04",,,,,,,"",,"","/home/db/Documentos/David_Hito2/Glide/docking_results/SP/1E9Z-glide-grid_995","docking_pv.maegz",8,"",,,"",,,,,,,,,,,,,,,,,,,,,,,"",,88,71200,true,0,2,51139,"W0NIM11OKFtPSF0pQyg9TylbQ0gyXVtDQEBIXShbT0hdKWMxW2NIXVtjSF1bY0hdYyhGKVtjSF0x","J2VwaWtfcHl0aG9uJywgJy1waHQnLCAnMC4wJywgJy1waCcsICc3LjAnLCAnLXRuJywgJzgnLCAnLW1hJywgJzIwMCcsICctaW1hZScsICc8aW5maWxlLm1hZT4nLCAnLW9tYWUnLCAnPG91dGZpbGUubWFlPic=",1.000,0.0063,0.0000,0.0063,0.0000,0.000,0,0,0,"OPLS3e",15.144,true,"155562391.0-1","glide-grid_995",88,6,-5.083,-0.339,-0.836,-1.371,-5.083,-2.077,0.000,0.000,-1.490,2.996,-17.396,1.101,-0.157,-8.924,-14.400,11.026,12,239,0.000,"This compound has a N-S or N-O group and may undergo hydrolysis at high or low pH.",""
,"72707603.0","7557","71_72707603.0.1","2025-11-13 15:23:04","2025-11-13 15:23:04",,,,,,,"",,"","/home/db/Documentos/David_Hito2/Glide/docking_results/SP/1E9Z-glide-grid_995","docking_pv.maegz",9,"",,,"",,,,,,,,,,,,,,,,,,,,,,,"",,71,8645,true,0,2,51139,"W09IXVtOSF1DKD1PKVtDSDJdW0NAQEhdKFtPSF0pYzFbY0hdW2NIXVtjSF1jKEYpW2NIXTE=","J2VwaWtfcHl0aG9uJywgJy1waHQnLCAnMC4wJywgJy1waCcsICc3LjAnLCAnLXRuJywgJzgnLCAnLW1hJywgJzIwMCcsICctaW1hZScsICc8aW5maWxlLm1hZT4nLCAnLW9tYWUnLCAnPG91dGZpbGUubWFlPic=",1.000,0.0062,0.0000,0.0062,0.0000,0.000,0,0,0,"OPLS3e",8.023,true,"72707603.0-1","glide-grid_995",71,6,-4.945,-0.353,-0.851,-1.359,-4.945,-2.100,0.000,0.000,-1.760,3.967,-15.797,1.233,-0.147,-6.963,-11.829,9.277,11,293,0.000,"This compound has a N-S or N-O group and may undergo hydrolysis at high or low pH.",""
,"145952401.0","7558","267_145952401.0.1","2025-11-13 15:23:04","2025-11-13 15:23:04",,,,,,,"",,"","/home/db/Documentos/David_Hito2/Glide/docking_results/SP/1E9Z-glide-grid_995","docking_pv.maegz",10,"",,,"",,,,,,,,,,,,,,,,,,,,,,,"",,267,12300,false,0,2,51139,"W09IXVtOSF1DKD1PKVtDSDJdW05IXWMxW2NIXVtjSF1bY0hdW2NIXWMxQnI=","J2VwaWtfcHl0aG9uJywgJy1waHQnLCAnMC4wJywgJy1waCcsICc3LjAnLCAnLXRuJywgJzgnLCAnLW1hJywgJzIwMCcsICctaW1hZScsICc8aW5maWxlLm1hZT4nLCAnLW9tYWUnLCAnPG91dGZpbGUubWFlPic=",1.000,0.0036,0.0000,0.0036,0.0000,0.000,0,0,0,"OPLS3e",19.966,true,"145952401.0-1","glide-grid_995",262,5,-4.894,-0.376,-0.885,-1.373,-4.894,-2.357,-0.152,0.000,-1.414,-2.053,-10.675,0.869,-0.136,-9.953,-12.728,6.831,15,316,0.000,"This compound has a N-S or N-O group and may undergo hydrolysis at high or low pH.",""
,"72707668.0","7559","61_72707668.0.1","2025-11-13 15:23:04","2025-11-13 15:23:04",,,,,,,"",,"","/home/db/Documentos/David_Hito2/Glide/docking_results/SP/1E9Z-glide-grid_995","docking_pv.maegz",11,"",,,"",,,,,,,,,,,,,,,,,,,,,,,"",,61,8010,true,0,2,51139,"W09IXVtOSF1DKD1PKVtDSDJdW0NAQEhdKFtPSF0pYzFbY0hdW2NIXWMoRilbY0hdW2NIXTE=","J2VwaWtfcHl0aG9uJywgJy1waHQnLCAnMC4wJywgJy1waCcsICc3LjAnLCAnLXRuJywgJzgnLCAnLW1hJywgJzIwMCcsICctaW1hZScsICc8aW5maWxlLm1hZT4nLCAnLW9tYWUnLCAnPG91dGZpbGUubWFlPic=",1.000,0.0062,0.0000,0.0062,0.0000,0.000,0,0,0,"OPLS3e",5.746,true,"72707668.0-1","glide-grid_995",61,6,-4.843,-0.346,-0.834,-1.331,-4.843,-1.942,0.000,0.000,-1.775,0.258,-14.682,1.233,-0.170,-13.699,-14.425,5.306,11,207,0.000,"This compound has a N-S or N-O group and may undergo hydrolysis at high or low pH.",""
,"12958458.0","7560","17_12958458.0.1","2025-11-13 15:23:04","2025-11-13 15:23:04",,,,,,,"",,"","/home/db/Documentos/David_Hito2/Glide/docking_results/SP/1E9Z-glide-grid_995","docking_pv.maegz",12,"",,,"",,,,,,,,,,,,,,,,,,,,,,,"",,17,34000,false,0,2,51139,"W0NIM11bQ0gyXWMxW2NIXVtjSF1jKFtPSF0pYyhbT0hdKWMxW09IXQ==","J2VwaWtfcHl0aG9uJywgJy1waHQnLCAnMC4wJywgJy1waCcsICc3LjAnLCAnLXRuJywgJzgnLCAnLW1hJywgJzIwMCcsICctaW1hZScsICc8aW5maWxlLm1hZT4nLCAnLW9tYWUnLCAnPG91dGZpbGUubWFlPic=",1.000,0.0037,0.0000,0.0037,0.0000,0.000,0,0,0,"OPLS3e",11.938,true,"12958458.0-1","glide-grid_995",17,4,-4.821,-0.438,-0.975,-1.419,-4.821,-1.702,0.000,0.000,-2.250,7.218,-8.198,0.000,0.000,-1.974,-0.981,2.092,1,269,0.000,"",""
,"70761.0","7561","10_70761.0.1","2025-11-13 15:23:04","2025-11-13 15:23:04",,,,,,,"",,"","/home/db/Documentos/David_Hito2/Glide/docking_results/SP/1E9Z-glide-grid_995","docking_pv.maegz",13,"",,,"",,,,,,,,,,,,,,,,,,,,,,,"",,10,11100,false,0,2,51139,"W0NIM11bQ0gyXWMxW2NIXVtjSF1jKFtPSF0pYyhbT0hdKVtjSF0x","J2VwaWtfcHl0aG9uJywgJy1waHQnLCAnMC4wJywgJy1waCcsICc3LjAnLCAnLXRuJywgJzgnLCAnLW1hJywgJzIwMCcsICctaW1hZScsICc8aW5maWxlLm1hZT4nLCAnLW9tYWUnLCAnPG91dGZpbGUubWFlPic=",1.000,0.0013,0.0000,0.0013,0.0000,0.000,0,0,0,"OPLS3e",9.325,true,"70761.0-1","glide-grid_995",10,3,-4.785,-0.478,-1.031,-1.449,-4.785,-1.930,0.000,0.000,-2.250,-6.641,-1.820,0.000,0.000,-9.033,-8.461,2.571,1,381,0.000,"",""
,"70761.0","7562","10_70761.0.1","2025-11-13 15:23:04","2025-11-13 15:23:04",,,,,,,"",,"","/home/db/Documentos/David_Hito2/Glide/docking_results/SP/1E9Z-glide-grid_995","docking_pv.maegz",14,"",,,"",,,,,,,,,,,,,,,,,,,,,,,"",,10,11100,false,0,2,51139,"W0NIM11bQ0gyXWMxW2NIXVtjSF1jKFtPSF0pYyhbT0hdKVtjSF0x","J2VwaWtfcHl0aG9uJywgJy1waHQnLCAnMC4wJywgJy1waCcsICc3LjAnLCAnLXRuJywgJzgnLCAnLW1hJywgJzIwMCcsICctaW1hZScsICc8aW5maWxlLm1hZT4nLCAnLW9tYWUnLCAnPG91dGZpbGUubWFlPic=",1.000,0.0013,0.0000,0.0013,0.0000,0.000,0,0,0,"OPLS3e",9.325,true,"70761.0-1","glide-grid_995",10,3,-4.783,-0.478,-1.031,-1.448,-4.783,-1.475,0.000,0.000,-2.250,4.746,-8.637,0.000,0.000,-2.801,-3.891,5.895,1,394,0.000,"",""
,"72707600.0","7563","58_72707600.0.1","2025-11-13 15:23:04","2025-11-13 15:23:04",,,,,,,"",,"","/home/db/Documentos/David_Hito2/Glide/docking_results/SP/1E9Z-glide-grid_995","docking_pv.maegz",15,"",,,"",,,,,,,,,,,,,,,,,,,,,,,"",,58,5600,true,0,2,51139,"W09IXVtOSF1DKD1PKVtDSDJdW0NAQEhdKFtPSF0pYzFbY0hdW2NIXVtjSF1bY0hdYzFG","J2VwaWtfcHl0aG9uJywgJy1waHQnLCAnMC4wJywgJy1waCcsICc3LjAnLCAnLXRuJywgJzgnLCAnLW1hJywgJzIwMCcsICctaW1hZScsICc8aW5maWxlLm1hZT4nLCAnLW9tYWUnLCAnPG91dGZpbGUubWFlPic=",1.000,0.0062,0.0000,0.0062,0.0000,0.000,0,0,0,"OPLS3e",7.073,true,"72707600.0-1","glide-grid_995",58,6,-4.755,-0.340,-0.819,-1.307,-4.755,-2.081,0.000,0.000,-1.985,6.855,-14.674,1.233,-0.064,-4.408,-7.819,7.426,11,400,0.000,"This compound has a N-S or N-O group and may undergo hydrolysis at high or low pH.",""
,"72707601.0","7564","75_72707601.0.1","2025-11-13 15:23:04","2025-11-13 15:23:04",,,,,,,"",,"","/home/db/Documentos/David_Hito2/Glide/docking_results/SP/1E9Z-glide-grid_995","docking_pv.maegz",16,"",,,"",,,,,,,,,,,,,,,,,,,,,,,"",,75,131000,true,0,2,51139,"W09IXVtOSF1DKD1PKVtDSDJdW0NAQEhdKFtPSF0pYzFbY0hdW2NIXVtjSF1jKFtPSF0pW2NIXTE=","J2VwaWtfcHl0aG9uJywgJy1waHQnLCAnMC4wJywgJy1waCcsICc3LjAnLCAnLXRuJywgJzgnLCAnLW1hJywgJzIwMCcsICctaW1hZScsICc8aW5maWxlLm1hZT4nLCAnLW9tYWUnLCAnPG91dGZpbGUubWFlPic=",1.000,0.0083,0.0000,0.0083,0.0000,0.000,0,0,0,"OPLS3e",8.591,true,"72707601.0-1","glide-grid_995",75,7,-4.698,-0.336,-0.809,-1.291,-4.698,-1.993,-0.488,0.000,-2.064,7.854,-14.639,1.672,-0.021,-5.323,-6.785,4.489,15,328,0.000,"This compound has a N-S or N-O group and may undergo hydrolysis at high or low pH.",""
,"72707668.0","7565","61_72707668.0.1","2025-11-13 15:23:04","2025-11-13 15:23:04",,,,,,,"",,"","/home/db/Documentos/David_Hito2/Glide/docking_results/SP/1E9Z-glide-grid_995","docking_pv.maegz",17,"",,,"",,,,,,,,,,,,,,,,,,,,,,,"",,61,8010,true,0,2,51139,"W09IXVtOSF1DKD1PKVtDSDJdW0NAQEhdKFtPSF0pYzFbY0hdW2NIXWMoRilbY0hdW2NIXTE=","J2VwaWtfcHl0aG9uJywgJy1waHQnLCAnMC4wJywgJy1waCcsICc3LjAnLCAnLXRuJywgJzgnLCAnLW1hJywgJzIwMCcsICctaW1hZScsICc8aW5maWxlLm1hZT4nLCAnLW9tYWUnLCAnPG91dGZpbGUubWFlPic=",1.000,0.0062,0.0000,0.0062,0.0000,0.000,0,0,0,"OPLS3e",5.746,true,"72707668.0-1","glide-grid_995",61,6,-4.694,-0.335,-0.808,-1.290,-4.694,-1.921,0.000,0.000,-1.959,-3.098,-11.850,1.233,-0.115,-13.598,-14.948,7.439,1,231,0.000,"This compound has a N-S or N-O group and may undergo hydrolysis at high or low pH.",""
,"72707601.0","7566","75_72707601.0.1","2025-11-13 15:23:04","2025-11-13 15:23:04",,,,,,,"",,"","/home/db/Documentos/David_Hito2/Glide/docking_results/SP/1E9Z-glide-grid_995","docking_pv.maegz",18,"",,,"",,,,,,,,,,,,,,,,,,,,,,,"",,75,131000,true,0,2,51139,"W09IXVtOSF1DKD1PKVtDSDJdW0NAQEhdKFtPSF0pYzFbY0hdW2NIXVtjSF1jKFtPSF0pW2NIXTE=","J2VwaWtfcHl0aG9uJywgJy1waHQnLCAnMC4wJywgJy1waCcsICc3LjAnLCAnLXRuJywgJzgnLCAnLW1hJywgJzIwMCcsICctaW1hZScsICc8aW5maWxlLm1hZT4nLCAnLW9tYWUnLCAnPG91dGZpbGUubWFlPic=",1.000,0.0083,0.0000,0.0083,0.0000,0.000,0,0,0,"OPLS3e",8.591,true,"72707601.0-1","glide-grid_995",75,7,-4.680,-0.334,-0.806,-1.286,-4.680,-2.017,-0.217,0.000,-1.278,5.295,-19.775,1.672,-0.139,-6.111,-14.481,13.805,17,356,0.000,"This compound has a N-S or N-O group and may undergo hydrolysis at high or low pH.",""
,"145984703.0","7567","244_145984703.0.1","2025-11-13 15:23:04","2025-11-13 15:23:04",,,,,,,"",,"","/home/db/Documentos/David_Hito2/Glide/docking_results/SP/1E9Z-glide-grid_995","docking_pv.maegz",19,"",,,"",,,,,,,,,,,,,,,,,,,,,,,"",,244,9020,false,0,2,51139,"W09IXVtOSF1DKD1PKVtDSDJdT2MxW2NIXWMoQ2wpW2NIXVtjSF1jMUNs","J2VwaWtfcHl0aG9uJywgJy1waHQnLCAnMC4wJywgJy1waCcsICc3LjAnLCAnLXRuJywgJzgnLCAnLW1hJywgJzIwMCcsICctaW1hZScsICc8aW5maWxlLm1hZT4nLCAnLW9tYWUnLCAnPG91dGZpbGUubWFlPic=",1.000,0.0172,0.0000,0.0172,0.0000,0.000,0,0,0,"OPLS3e",11.573,true,"145984703.0-1","glide-grid_995",239,5,-4.675,-0.334,-0.805,-1.285,-4.675,-2.069,-0.304,0.000,-1.798,-11.381,-5.618,0.927,-0.019,-16.573,-16.999,3.538,6,304,0.000,"This compound has a N-S or N-O group and may undergo hydrolysis at high or low pH.",""
,"71721720.0","7568","66_71721720.0.1","2025-11-13 15:23:04","2025-11-13 15:23:04",,,,,,,"",,"","/home/db/Documentos/David_Hito2/Glide/docking_results/SP/1E9Z-glide-grid_995","docking_pv.maegz",20,"",,,"",,,,,,,,,,,,,,,,,,,,,,,"",,66,15600,true,0,2,51139,"W09IXVtOSF1DKD1PKVtDSDJdW0NAQEhdKFtPSF0pYzFbY0hdW2NIXVtjSF1bY0hdW2NIXTE=","J2VwaWtfcHl0aG9uJywgJy1waHQnLCAnMC4wJywgJy1waCcsICc3LjAnLCAnLXRuJywgJzgnLCAnLW1hJywgJzIwMCcsICctaW1hZScsICc8aW5maWxlLm1hZT4nLCAnLW9tYWUnLCAnPG91dGZpbGUubWFlPic=",1.000,0.0062,0.0000,0.0062,0.0000,0.000,0,0,0,"OPLS3e",7.375,true,"71721720.0-1","glide-grid_995",66,6,-4.642,-0.357,-0.840,-1.302,-4.642,-1.839,0.000,0.000,-2.107,-6.221,-11.530,1.443,-0.098,-18.464,-17.752,6.149,3,113,0.000,"This compound has a N-S or N-O group and may undergo hydrolysis at high or low pH.",""
,"60651050.0","7569","250_60651050.0.1","2025-11-13 15:23:04","2025-11-13 15:23:04",,,,,,,"",,"","/home/db/Documentos/David_Hito2/Glide/docking_results/SP/1E9Z-glide-grid_995","docking_pv.maegz",21,"",,,"",,,,,,,,,,,,,,,,,,,,,,,"",,250,10400,false,0,2,51139,"W09IXVtOSF1DKD1PKVtDSDJdT2MxW2NIXVtjSF1bY0hdYyhDbClbY0hdMQ==","J2VwaWtfcHl0aG9uJywgJy1waHQnLCAnMC4wJywgJy1waCcsICc3LjAnLCAnLXRuJywgJzgnLCAnLW1hJywgJzIwMCcsICctaW1hZScsICc8aW5maWxlLm1hZT4nLCAnLW9tYWUnLCAnPG91dGZpbGUubWFlPic=",1.000,0.0172,0.0000,0.0172,0.0000,0.000,0,0,0,"OPLS3e",12.189,true,"60651050.0-1","glide-grid_995",245,5,-4.583,-0.353,-0.829,-1.286,-4.583,-2.078,-0.260,0.000,-1.843,-7.547,-8.070,1.209,-0.022,-16.038,-15.617,5.364,6,142,0.000,"This compound has a N-S or N-O group and may undergo hydrolysis at high or low pH.",""
,"145954976.0","7570","287_145954976.0.1","2025-11-13 15:23:04","2025-11-13 15:23:04",,,,,,,"",,"","/home/db/Documentos/David_Hito2/Glide/docking_results/SP/1E9Z-glide-grid_995","docking_pv.maegz",22,"",,,"",,,,,,,,,,,,,,,,,,,,,,,"",,287,66100,false,0,2,51139,"W09IXVtOSF1DKD1PKVtDSDJdW05IXWMxW2NIXVtjSF1jKENsKVtjSF1jMUNs","J2VwaWtfcHl0aG9uJywgJy1waHQnLCAnMC4wJywgJy1waCcsICc3LjAnLCAnLXRuJywgJzgnLCAnLW1hJywgJzIwMCcsICctaW1hZScsICc8aW5maWxlLm1hZT4nLCAnLW9tYWUnLCAnPG91dGZpbGUubWFlPic=",1.000,0.0036,0.0000,0.0036,0.0000,0.000,0,0,0,"OPLS3e",19.465,true,"145954976.0-1","glide-grid_995",282,5,-4.577,-0.327,-0.788,-1.258,-4.577,-2.370,-0.176,0.000,-1.454,3.168,-10.200,0.933,-0.139,-3.815,-7.031,12.585,9,263,0.000,"This compound has a N-S or N-O group and may undergo hydrolysis at high or low pH.",""
,"155562391.0","7571","88_155562391.0.1","2025-11-13 15:23:04","2025-11-13 15:23:04",,,,,,,"",,"","/home/db/Documentos/David_Hito2/Glide/docking_results/SP/1E9Z-glide-grid_995","docking_pv.maegz",23,"",,,"",,,,,,,,,,,,,,,,,,,,,,,"",,88,71200,true,0,2,51139,"W0NIM11OKFtPSF0pQyg9TylbQ0gyXVtDQEBIXShbT0hdKWMxW2NIXVtjSF1bY0hdYyhGKVtjSF0x","J2VwaWtfcHl0aG9uJywgJy1waHQnLCAnMC4wJywgJy1waCcsICc3LjAnLCAnLXRuJywgJzgnLCAnLW1hJywgJzIwMCcsICctaW1hZScsICc8aW5maWxlLm1hZT4nLCAnLW9tYWUnLCAnPG91dGZpbGUubWFlPic=",1.000,0.0063,0.0000,0.0063,0.0000,0.000,0,0,0,"OPLS3e",15.144,true,"155562391.0-1","glide-grid_995",88,6,-4.545,-0.303,-0.747,-1.226,-4.545,-2.046,0.000,0.000,-1.213,-1.303,-13.989,1.101,-0.223,-7.053,-15.292,14.680,12,18,0.000,"This compound has a N-S or N-O group and may undergo hydrolysis at high or low pH.",""
,"70761.0","7572","10_70761.0.1","2025-11-13 15:23:04","2025-11-13 15:23:04",,,,,,,"",,"","/home/db/Documentos/David_Hito2/Glide/docking_results/SP/1E9Z-glide-grid_995","docking_pv.maegz",24,"",,,"",,,,,,,,,,,,,,,,,,,,,,,"",,10,11100,false,0,2,51139,"W0NIM11bQ0gyXWMxW2NIXVtjSF1jKFtPSF0pYyhbT0hdKVtjSF0x","J2VwaWtfcHl0aG9uJywgJy1waHQnLCAnMC4wJywgJy1waCcsICc3LjAnLCAnLXRuJywgJzgnLCAnLW1hJywgJzIwMCcsICctaW1hZScsICc8aW5maWxlLm1hZT4nLCAnLW9tYWUnLCAnPG91dGZpbGUubWFlPic=",1.000,0.0013,0.0000,0.0013,0.0000,0.000,0,0,0,"OPLS3e",9.325,true,"70761.0-1","glide-grid_995",10,3,-4.533,-0.453,-0.977,-1.373,-4.533,-1.378,0.000,0.000,-2.250,7.444,-8.511,0.000,0.000,0.418,-1.067,6.491,1,287,0.000,"",""
,"129928412.0","7573","286_129928412.0.1","2025-11-13 15:23:04","2025-11-13 15:23:04",,,,,,,"",,"","/home/db/Documentos/David_Hito2/Glide/docking_results/SP/1E9Z-glide-grid_995","docking_pv.maegz",25,"",,,"",,,,,,,,,,,,,,,,,,,,,,,"",,286,7410,false,0,2,51139,"W09IXVtOSF1DKD1PKVtDSDJdW05IXWMxW2NIXVtjSF1jKEYpW2NIXVtjSF0x","J2VwaWtfcHl0aG9uJywgJy1waHQnLCAnMC4wJywgJy1waCcsICc3LjAnLCAnLXRuJywgJzgnLCAnLW1hJywgJzIwMCcsICctaW1hZScsICc8aW5maWxlLm1hZT4nLCAnLW9tYWUnLCAnPG91dGZpbGUubWFlPic=",1.000,0.0038,0.0000,0.0038,0.0000,0.000,0,0,0,"OPLS3e",16.003,true,"129928412.0-1","glide-grid_995",281,5,-4.518,-0.348,-0.817,-1.267,-4.518,-1.984,-0.304,0.000,-1.914,0.035,-10.797,1.404,-0.102,-14.332,-10.763,6.154,2,339,0.000,"This compound has a N-S or N-O group and may undergo hydrolysis at high or low pH.",""
,"155562391.0","7574","88_155562391.0.1","2025-11-13 15:23:04","2025-11-13 15:23:04",,,,,,,"",,"","/home/db/Documentos/David_Hito2/Glide/docking_results/SP/1E9Z-glide-grid_995","docking_pv.maegz",26,"",,,"",,,,,,,,,,,,,,,,,,,,,,,"",,88,71200,true,0,2,51139,"W0NIM11OKFtPSF0pQyg9TylbQ0gyXVtDQEBIXShbT0hdKWMxW2NIXVtjSF1bY0hdYyhGKVtjSF0x","J2VwaWtfcHl0aG9uJywgJy1waHQnLCAnMC4wJywgJy1waCcsICc3LjAnLCAnLXRuJywgJzgnLCAnLW1hJywgJzIwMCcsICctaW1hZScsICc8aW5maWxlLm1hZT4nLCAnLW9tYWUnLCAnPG91dGZpbGUubWFlPic=",1.000,0.0063,0.0000,0.0063,0.0000,0.000,0,0,0,"OPLS3e",15.144,true,"155562391.0-1","glide-grid_995",88,6,-4.498,-0.300,-0.739,-1.213,-4.498,-1.790,0.000,0.000,-1.833,-1.899,-10.976,1.101,-0.234,-9.383,-12.874,8.699,12,34,0.000,"This compound has a N-S or N-O group and may undergo hydrolysis at high or low pH.",""
,"145954976.0","7575","287_145954976.0.1","2025-11-13 15:23:04","2025-11-13 15:23:04",,,,,,,"",,"","/home/db/Documentos/David_Hito2/Glide/docking_results/SP/1E9Z-glide-grid_995","docking_pv.maegz",27,"",,,"",,,,,,,,,,,,,,,,,,,,,,,"",,287,66100,false,0,2,51139,"W09IXVtOSF1DKD1PKVtDSDJdW05IXWMxW2NIXVtjSF1jKENsKVtjSF1jMUNs","J2VwaWtfcHl0aG9uJywgJy1waHQnLCAnMC4wJywgJy1waCcsICc3LjAnLCAnLXRuJywgJzgnLCAnLW1hJywgJzIwMCcsICctaW1hZScsICc8aW5maWxlLm1hZT4nLCAnLW9tYWUnLCAnPG91dGZpbGUubWFlPic=",1.000,0.0036,0.0000,0.0036,0.0000,0.000,0,0,0,"OPLS3e",19.465,true,"145954976.0-1","glide-grid_995",282,5,-4.482,-0.320,-0.772,-1.232,-4.482,-2.211,-0.306,0.000,-1.801,-11.811,-3.307,0.933,-0.010,-15.747,-15.118,6.712,16,180,0.000,"This compound has a N-S or N-O group and may undergo hydrolysis at high or low pH.",""
,"145984790.0","7576","247_145984790.0.1","2025-11-13 15:23:04","2025-11-13 15:23:04",,,,,,,"",,"","/home/db/Documentos/David_Hito2/Glide/docking_results/SP/1E9Z-glide-grid_995","docking_pv.maegz",28,"",,,"",,,,,,,,,,,,,,,,,,,,,,,"",,247,520,false,0,2,51139,"W09IXVtOSF1DKD1PKVtDSDJdT2MxW2NIXVtjSF1jKENsKWMoQ2wpW2NIXTE=","J2VwaWtfcHl0aG9uJywgJy1waHQnLCAnMC4wJywgJy1waCcsICc3LjAnLCAnLXRuJywgJzgnLCAnLW1hJywgJzIwMCcsICctaW1hZScsICc8aW5maWxlLm1hZT4nLCAnLW9tYWUnLCAnPG91dGZpbGUubWFlPic=",1.000,0.0172,0.0000,0.0172,0.0000,0.000,0,0,0,"OPLS3e",12.923,true,"145984790.0-1","glide-grid_995",242,5,-4.405,-0.315,-0.758,-1.210,-4.405,-2.160,-0.304,0.000,-1.467,-12.755,-4.968,0.927,-0.018,-16.887,-17.723,7.990,6,162,0.000,"This compound has a N-S or N-O group and may undergo hydrolysis at high or low pH.",""
,"203276.0","7577","284_203276.0.1","2025-11-13 15:23:04","2025-11-13 15:23:04",,,,,,,"",,"","/home/db/Documentos/David_Hito2/Glide/docking_results/SP/1E9Z-glide-grid_995","docking_pv.maegz",29,"",,,"",,,,,,,,,,,,,,,,,,,,,,,"",,284,21180,false,0,2,51139,"W09IXVtOSF1DKD1PKVtDSDJdW05IXWMxW2NIXVtjSF1jKENsKWMoQ2wpW2NIXTE=","J2VwaWtfcHl0aG9uJywgJy1waHQnLCAnMC4wJywgJy1waCcsICc3LjAnLCAnLXRuJywgJzgnLCAnLW1hJywgJzIwMCcsICctaW1hZScsICc8aW5maWxlLm1hZT4nLCAnLW9tYWUnLCAnPG91dGZpbGUubWFlPic=",1.000,0.0036,0.0000,0.0036,0.0000,0.000,0,0,0,"OPLS3e",17.624,true,"203276.0-1","glide-grid_995",279,5,-4.404,-0.315,-0.758,-1.210,-4.404,-2.098,-0.265,0.000,-1.708,-7.029,-5.965,0.933,-0.020,-10.767,-12.994,7.301,10,184,0.000,"This compound has a N-S or N-O group and may undergo hydrolysis at high or low pH.",""
,"155546187.0","7578","87_155546187.0.1","2025-11-13 15:23:04","2025-11-13 15:23:04",,,,,,,"",,"","/home/db/Documentos/David_Hito2/Glide/docking_results/SP/1E9Z-glide-grid_995","docking_pv.maegz",30,"",,,"",,,,,,,,,,,,,,,,,,,,,,,"",,87,90400,true,0,2,51139,"W0NIM11OKFtPSF0pQyg9TylbQ0gyXVtDQEBIXShbT0hdKWMxW2NIXVtjSF1jKENsKWMoQ2wpW2NIXTE=","J2VwaWtfcHl0aG9uJywgJy1waHQnLCAnMC4wJywgJy1waCcsICc3LjAnLCAnLXRuJywgJzgnLCAnLW1hJywgJzIwMCcsICctaW1hZScsICc8aW5maWxlLm1hZT4nLCAnLW9tYWUnLCAnPG91dGZpbGUubWFlPic=",1.000,0.0063,0.0000,0.0063,0.0000,0.000,0,0,0,"OPLS3e",15.875,true,"155546187.0-1","glide-grid_995",87,6,-4.402,-0.275,-0.693,-1.167,-4.402,-1.815,0.000,0.000,-1.490,0.446,-11.355,0.764,-0.180,-12.478,-10.909,8.567,8,131,0.000,"This compound has a N-S or N-O group and may undergo hydrolysis at high or low pH.",""
,"145984790.0","7579","247_145984790.0.1","2025-11-13 15:23:04","2025-11-13 15:23:04",,,,,,,"",,"","/home/db/Documentos/David_Hito2/Glide/docking_results/SP/1E9Z-glide-grid_995","docking_pv.maegz",31,"",,,"",,,,,,,,,,,,,,,,,,,,,,,"",,247,520,false,0,2,51139,"W09IXVtOSF1DKD1PKVtDSDJdT2MxW2NIXVtjSF1jKENsKWMoQ2wpW2NIXTE=","J2VwaWtfcHl0aG9uJywgJy1waHQnLCAnMC4wJywgJy1waCcsICc3LjAnLCAnLXRuJywgJzgnLCAnLW1hJywgJzIwMCcsICctaW1hZScsICc8aW5maWxlLm1hZT4nLCAnLW9tYWUnLCAnPG91dGZpbGUubWFlPic=",1.000,0.0172,0.0000,0.0172,0.0000,0.000,0,0,0,"OPLS3e",12.923,true,"145984790.0-1","glide-grid_995",242,5,-4.371,-0.312,-0.753,-1.201,-4.371,-2.084,-0.304,0.000,-1.477,-13.291,-4.962,0.927,-0.025,-17.263,-18.253,8.292,6,28,0.000,"This compound has a N-S or N-O group and may undergo hydrolysis at high or low pH.",""
,"203276.0","7580","284_203276.0.1","2025-11-13 15:23:04","2025-11-13 15:23:04",,,,,,,"",,"","/home/db/Documentos/David_Hito2/Glide/docking_results/SP/1E9Z-glide-grid_995","docking_pv.maegz",32,"",,,"",,,,,,,,,,,,,,,,,,,,,,,"",,284,21180,false,0,2,51139,"W09IXVtOSF1DKD1PKVtDSDJdW05IXWMxW2NIXVtjSF1jKENsKWMoQ2wpW2NIXTE=","J2VwaWtfcHl0aG9uJywgJy1waHQnLCAnMC4wJywgJy1waCcsICc3LjAnLCAnLXRuJywgJzgnLCAnLW1hJywgJzIwMCcsICctaW1hZScsICc8aW5maWxlLm1hZT4nLCAnLW9tYWUnLCAnPG91dGZpbGUubWFlPic=",1.000,0.0036,0.0000,0.0036,0.0000,0.000,0,0,0,"OPLS3e",17.624,true,"203276.0-1","glide-grid_995",279,5,-4.365,-0.312,-0.751,-1.199,-4.365,-2.095,-0.304,0.000,-1.691,-8.062,-5.358,0.933,-0.002,-11.305,-13.420,6.947,10,133,0.000,"This compound has a N-S or N-O group and may undergo hydrolysis at high or low pH.",""
,"3657.0","7581","326_3657.0.1","2025-11-13 15:23:04","2025-11-13 15:23:04",,,,,,,"",,"","/home/db/Documentos/David_Hito2/Glide/docking_results/SP/1E9Z-glide-grid_995","docking_pv.maegz",33,"",,,"",,,,,,,,,,,,,,,,,,,,,,,"",,326,88750,false,0,2,51139,"W05IMl1DKD1PKVtOSF1bT0hd","J2VwaWtfcHl0aG9uJywgJy1waHQnLCAnMC4wJywgJy1waCcsICc3LjAnLCAnLXRuJywgJzgnLCAnLW1hJywgJzIwMCcsICctaW1hZScsICc8aW5maWxlLm1hZT4nLCAnLW9tYWUnLCAnPG91dGZpbGUubWFlPic=",1.000,0.0115,0.0000,0.0115,0.0000,0.000,0,0,0,"OPLS3e",-0.160,true,"3657.0-1","glide-grid_995",301,2,-4.352,-0.870,-1.488,-1.668,-4.352,0.000,-0.510,0.000,-2.250,-4.857,-8.290,0.000,-0.105,-20.555,-13.147,0.235,1,303,0.000,"This compound has a N-S or N-O group and may undergo hydrolysis at high or low pH.",""
,"203276.0","7582","284_203276.0.1","2025-11-13 15:23:04","2025-11-13 15:23:04",,,,,,,"",,"","/home/db/Documentos/David_Hito2/Glide/docking_results/SP/1E9Z-glide-grid_995","docking_pv.maegz",34,"",,,"",,,,,,,,,,,,,,,,,,,,,,,"",,284,21180,false,0,2,51139,"W09IXVtOSF1DKD1PKVtDSDJdW05IXWMxW2NIXVtjSF1jKENsKWMoQ2wpW2NIXTE=","J2VwaWtfcHl0aG9uJywgJy1waHQnLCAnMC4wJywgJy1waCcsICc3LjAnLCAnLXRuJywgJzgnLCAnLW1hJywgJzIwMCcsICctaW1hZScsICc8aW5maWxlLm1hZT4nLCAnLW9tYWUnLCAnPG91dGZpbGUubWFlPic=",1.000,0.0036,0.0000,0.0036,0.0000,0.000,0,0,0,"OPLS3e",17.624,true,"203276.0-1","glide-grid_995",279,5,-4.344,-0.310,-0.748,-1.194,-4.344,-1.962,-0.554,0.000,-1.496,-6.796,-6.036,0.933,-0.020,-10.999,-12.832,5.255,2,259,0.000,"This compound has a N-S or N-O group and may undergo hydrolysis at high or low pH.",""
,"145957965.0","7583","275_145957965.0.1","2025-11-13 15:23:04","2025-11-13 15:23:04",,,,,,,"",,"","/home/db/Documentos/David_Hito2/Glide/docking_results/SP/1E9Z-glide-grid_995","docking_pv.maegz",35,"",,,"",,,,,,,,,,,,,,,,,,,,,,,"",,275,1640,false,0,2,51139,"W09IXVtOSF1DKD1PKVtDSDJdW05IXWMxW2NIXWMoQ2wpW2NIXVtjSF1jMUNs","J2VwaWtfcHl0aG9uJywgJy1waHQnLCAnMC4wJywgJy1waCcsICc3LjAnLCAnLXRuJywgJzgnLCAnLW1hJywgJzIwMCcsICctaW1hZScsICc8aW5maWxlLm1hZT4nLCAnLW9tYWUnLCAnPG91dGZpbGUubWFlPic=",1.000,0.0036,0.0000,0.0036,0.0000,0.000,0,0,0,"OPLS3e",19.551,true,"145957965.0-1","glide-grid_995",270,5,-4.340,-0.310,-0.747,-1.193,-4.340,-2.029,-0.307,0.000,-1.805,-12.138,-3.355,0.933,-0.022,-14.698,-15.494,9.500,15,278,0.000,"This compound has a N-S or N-O group and may undergo hydrolysis at high or low pH.",""
,"3657.0","7584","326_3657.0.1","2025-11-13 15:23:04","2025-11-13 15:23:04",,,,,,,"",,"","/home/db/Documentos/David_Hito2/Glide/docking_results/SP/1E9Z-glide-grid_995","docking_pv.maegz",36,"",,,"",,,,,,,,,,,,,,,,,,,,,,,"",,326,88750,false,0,2,51139,"W05IMl1DKD1PKVtOSF1bT0hd","J2VwaWtfcHl0aG9uJywgJy1waHQnLCAnMC4wJywgJy1waCcsICc3LjAnLCAnLXRuJywgJzgnLCAnLW1hJywgJzIwMCcsICctaW1hZScsICc8aW5maWxlLm1hZT4nLCAnLW9tYWUnLCAnPG91dGZpbGUubWFlPic=",1.000,0.0115,0.0000,0.0115,0.0000,0.000,0,0,0,"OPLS3e",-0.160,true,"3657.0-1","glide-grid_995",301,2,-4.335,-0.867,-1.483,-1.661,-4.335,0.000,-0.456,0.000,-2.250,-9.602,-7.326,0.000,-0.050,-24.107,-16.929,0.637,1,14,0.000,"This compound has a N-S or N-O group and may undergo hydrolysis at high or low pH.",""
,"130006294.0","7585","283_130006294.0.1","2025-11-13 15:23:04","2025-11-13 15:23:04",,,,,,,"",,"","/home/db/Documentos/David_Hito2/Glide/docking_results/SP/1E9Z-glide-grid_995","docking_pv.maegz",37,"",,,"",,,,,,,,,,,,,,,,,,,,,,,"",,283,58900,false,0,2,51139,"W09IXVtOSF1DKD1PKVtDSDJdW05IXWMxW2NIXVtjSF1bY0hdW2NIXWMxQ2w=","J2VwaWtfcHl0aG9uJywgJy1waHQnLCAnMC4wJywgJy1waCcsICc3LjAnLCAnLXRuJywgJzgnLCAnLW1hJywgJzIwMCcsICctaW1hZScsICc8aW5maWxlLm1hZT4nLCAnLW9tYWUnLCAnPG91dGZpbGUubWFlPic=",1.000,0.0036,0.0000,0.0036,0.0000,0.000,0,0,0,"OPLS3e",20.874,true,"130006294.0-1","glide-grid_995",278,5,-4.330,-0.333,-0.783,-1.215,-4.330,-2.423,-0.236,0.000,-1.486,-7.316,-6.162,1.219,-0.114,-5.881,-13.478,13.123,15,274,0.000,"This compound has a N-S or N-O group and may undergo hydrolysis at high or low pH.",""
,"72707603.0","7586","71_72707603.0.1","2025-11-13 15:23:04","2025-11-13 15:23:04",,,,,,,"",,"","/home/db/Documentos/David_Hito2/Glide/docking_results/SP/1E9Z-glide-grid_995","docking_pv.maegz",38,"",,,"",,,,,,,,,,,,,,,,,,,,,,,"",,71,8645,true,0,2,51139,"W09IXVtOSF1DKD1PKVtDSDJdW0NAQEhdKFtPSF0pYzFbY0hdW2NIXVtjSF1jKEYpW2NIXTE=","J2VwaWtfcHl0aG9uJywgJy1waHQnLCAnMC4wJywgJy1waCcsICc3LjAnLCAnLXRuJywgJzgnLCAnLW1hJywgJzIwMCcsICctaW1hZScsICc8aW5maWxlLm1hZT4nLCAnLW9tYWUnLCAnPG91dGZpbGUubWFlPic=",1.000,0.0062,0.0000,0.0062,0.0000,0.000,0,0,0,"OPLS3e",8.023,true,"72707603.0-1","glide-grid_995",71,6,-4.329,-0.309,-0.745,-1.190,-4.329,-1.885,-0.174,0.000,-2.040,0.347,-9.768,1.233,-0.015,-7.083,-9.421,5.674,11,192,0.000,"This compound has a N-S or N-O group and may undergo hydrolysis at high or low pH.",""
,"14368879.0","7587","16_14368879.0.1","2025-11-13 15:23:04","2025-11-13 15:23:04",,,,,,,"",,"","/home/db/Documentos/David_Hito2/Glide/docking_results/SP/1E9Z-glide-grid_995","docking_pv.maegz",39,"",,,"",,,,,,,,,,,,,,,,,,,,,,,"",,16,23000,false,0,2,51139,"W0NIM11bQ0gyXVtDSDJdW0NIMl1jMVtjSF1bY0hdYyhbT0hdKWMoW09IXSlbY0hdMQ==","J2VwaWtfcHl0aG9uJywgJy1waHQnLCAnMC4wJywgJy1waCcsICc3LjAnLCAnLXRuJywgJzgnLCAnLW1hJywgJzIwMCcsICctaW1hZScsICc8aW5maWxlLm1hZT4nLCAnLW9tYWUnLCAnPG91dGZpbGUubWFlPic=",1.000,0.0013,0.0000,0.0013,0.0000,0.000,0,0,0,"OPLS3e",10.463,true,"14368879.0-1","glide-grid_995",16,5,-4.312,-0.359,-0.823,-1.237,-4.312,-2.023,0.000,0.000,-2.250,3.534,-8.821,1.107,0.000,-2.539,-5.287,8.520,2,351,0.000,"",""
,"130005353.0","7588","273_130005353.0.1","2025-11-13 15:23:04","2025-11-13 15:23:04",,,,,,,"",,"","/home/db/Documentos/David_Hito2/Glide/docking_results/SP/1E9Z-glide-grid_995","docking_pv.maegz",40,"",,,"",,,,,,,,,,,,,,,,,,,,,,,"",,273,1150,false,0,2,51139,"W09IXVtOSF1DKD1PKVtDSDJdW05IXWMxW2NIXVtjSF1bY0hdYyhDbClbY0hdMQ==","J2VwaWtfcHl0aG9uJywgJy1waHQnLCAnMC4wJywgJy1waCcsICc3LjAnLCAnLXRuJywgJzgnLCAnLW1hJywgJzIwMCcsICctaW1hZScsICc8aW5maWxlLm1hZT4nLCAnLW9tYWUnLCAnPG91dGZpbGUubWFlPic=",1.000,0.0036,0.0000,0.0036,0.0000,0.000,0,0,0,"OPLS3e",17.625,true,"130005353.0-1","glide-grid_995",268,5,-4.267,-0.328,-0.772,-1.197,-4.267,-2.066,-0.304,0.000,-1.936,-7.490,-5.345,1.219,-0.004,-12.693,-12.834,4.906,10,266,0.000,"This compound has a N-S or N-O group and may undergo hydrolysis at high or low pH.",""
,"203276.0","7589","284_203276.0.1","2025-11-13 15:23:04","2025-11-13 15:23:04",,,,,,,"",,"","/home/db/Documentos/David_Hito2/Glide/docking_results/SP/1E9Z-glide-grid_995","docking_pv.maegz",41,"",,,"",,,,,,,,,,,,,,,,,,,,,,,"",,284,21180,false,0,2,51139,"W09IXVtOSF1DKD1PKVtDSDJdW05IXWMxW2NIXVtjSF1jKENsKWMoQ2wpW2NIXTE=","J2VwaWtfcHl0aG9uJywgJy1waHQnLCAnMC4wJywgJy1waCcsICc3LjAnLCAnLXRuJywgJzgnLCAnLW1hJywgJzIwMCcsICctaW1hZScsICc8aW5maWxlLm1hZT4nLCAnLW9tYWUnLCAnPG91dGZpbGUubWFlPic=",1.000,0.0036,0.0000,0.0036,0.0000,0.000,0,0,0,"OPLS3e",17.624,true,"203276.0-1","glide-grid_995",279,5,-4.265,-0.305,-0.734,-1.172,-4.265,-1.945,-0.344,0.000,-1.659,2.520,-8.512,0.933,-0.100,-4.687,-5.993,5.068,8,135,0.000,"This compound has a N-S or N-O group and may undergo hydrolysis at high or low pH.",""
,"239786.0","7590","260_239786.0.1","2025-11-13 15:23:04","2025-11-13 15:23:04",,,,,,,"",,"","/home/db/Documentos/David_Hito2/Glide/docking_results/SP/1E9Z-glide-grid_995","docking_pv.maegz",42,"",,,"",,,,,,,,,,,,,,,,,,,,,,,"",,260,830,false,0,2,51139,"W09IXVtOSF1DKD1PKVtDSDJdT2MxW2NIXVtjSF1jKENsKVtjSF1jMUNs","J2VwaWtfcHl0aG9uJywgJy1waHQnLCAnMC4wJywgJy1waCcsICc3LjAnLCAnLXRuJywgJzgnLCAnLW1hJywgJzIwMCcsICctaW1hZScsICc8aW5maWxlLm1hZT4nLCAnLW9tYWUnLCAnPG91dGZpbGUubWFlPic=",1.000,0.0172,0.0000,0.0172,0.0000,0.000,0,0,0,"OPLS3e",11.420,true,"239786.0-1","glide-grid_995",255,5,-4.259,-0.304,-0.733,-1.170,-4.259,-2.182,-0.164,0.000,-1.491,-10.377,-4.866,0.927,-0.100,-12.450,-15.243,7.666,13,378,0.000,"This compound has a N-S or N-O group and may undergo hydrolysis at high or low pH.",""
,"14368879.0","7591","16_14368879.0.1","2025-11-13 15:23:04","2025-11-13 15:23:04",,,,,,,"",,"","/home/db/Documentos/David_Hito2/Glide/docking_results/SP/1E9Z-glide-grid_995","docking_pv.maegz",43,"",,,"",,,,,,,,,,,,,,,,,,,,,,,"",,16,23000,false,0,2,51139,"W0NIM11bQ0gyXVtDSDJdW0NIMl1jMVtjSF1bY0hdYyhbT0hdKWMoW09IXSlbY0hdMQ==","J2VwaWtfcHl0aG9uJywgJy1waHQnLCAnMC4wJywgJy1waCcsICc3LjAnLCAnLXRuJywgJzgnLCAnLW1hJywgJzIwMCcsICctaW1hZScsICc8aW5maWxlLm1hZT4nLCAnLW9tYWUnLCAnPG91dGZpbGUubWFlPic=",1.000,0.0013,0.0000,0.0013,0.0000,0.000,0,0,0,"OPLS3e",10.463,true,"14368879.0-1","glide-grid_995",16,5,-4.238,-0.353,-0.809,-1.216,-4.238,-1.817,0.000,0.000,-2.250,7.192,-10.924,1.107,0.000,-3.052,-3.733,4.335,8,268,0.000,"",""
,"70761.0","7592","10_70761.0.1","2025-11-13 15:23:04","2025-11-13 15:23:04",,,,,,,"",,"","/home/db/Documentos/David_Hito2/Glide/docking_results/SP/1E9Z-glide-grid_995","docking_pv.maegz",44,"",,,"",,,,,,,,,,,,,,,,,,,,,,,"",,10,11100,false,0,2,51139,"W0NIM11bQ0gyXWMxW2NIXVtjSF1jKFtPSF0pYyhbT0hdKVtjSF0x","J2VwaWtfcHl0aG9uJywgJy1waHQnLCAnMC4wJywgJy1waCcsICc3LjAnLCAnLXRuJywgJzgnLCAnLW1hJywgJzIwMCcsICctaW1hZScsICc8aW5maWxlLm1hZT4nLCAnLW9tYWUnLCAnPG91dGZpbGUubWFlPic=",1.000,0.0013,0.0000,0.0013,0.0000,0.000,0,0,0,"OPLS3e",9.325,true,"70761.0-1","glide-grid_995",10,3,-4.228,-0.423,-0.911,-1.280,-4.228,-1.492,0.000,0.000,-2.250,4.734,-4.817,0.000,0.000,-0.444,-0.083,2.560,1,96,0.000,"",""
,"72707600.0","7593","58_72707600.0.1","2025-11-13 15:23:04","2025-11-13 15:23:04",,,,,,,"",,"","/home/db/Documentos/David_Hito2/Glide/docking_results/SP/1E9Z-glide-grid_995","docking_pv.maegz",45,"",,,"",,,,,,,,,,,,,,,,,,,,,,,"",,58,5600,true,0,2,51139,"W09IXVtOSF1DKD1PKVtDSDJdW0NAQEhdKFtPSF0pYzFbY0hdW2NIXVtjSF1bY0hdYzFG","J2VwaWtfcHl0aG9uJywgJy1waHQnLCAnMC4wJywgJy1waCcsICc3LjAnLCAnLXRuJywgJzgnLCAnLW1hJywgJzIwMCcsICctaW1hZScsICc8aW5maWxlLm1hZT4nLCAnLW9tYWUnLCAnPG91dGZpbGUubWFlPic=",1.000,0.0062,0.0000,0.0062,0.0000,0.000,0,0,0,"OPLS3e",7.073,true,"72707600.0-1","glide-grid_995",58,6,-4.227,-0.302,-0.728,-1.162,-4.227,-1.922,0.000,0.000,-1.959,5.507,-11.707,1.233,-0.099,-2.646,-6.199,7.452,11,237,0.000,"This compound has a N-S or N-O group and may undergo hydrolysis at high or low pH.",""
,"239786.0","7594","260_239786.0.1","2025-11-13 15:23:04","2025-11-13 15:23:04",,,,,,,"",,"","/home/db/Documentos/David_Hito2/Glide/docking_results/SP/1E9Z-glide-grid_995","docking_pv.maegz",46,"",,,"",,,,,,,,,,,,,,,,,,,,,,,"",,260,830,false,0,2,51139,"W09IXVtOSF1DKD1PKVtDSDJdT2MxW2NIXVtjSF1jKENsKVtjSF1jMUNs","J2VwaWtfcHl0aG9uJywgJy1waHQnLCAnMC4wJywgJy1waCcsICc3LjAnLCAnLXRuJywgJzgnLCAnLW1hJywgJzIwMCcsICctaW1hZScsICc8aW5maWxlLm1hZT4nLCAnLW9tYWUnLCAnPG91dGZpbGUubWFlPic=",1.000,0.0172,0.0000,0.0172,0.0000,0.000,0,0,0,"OPLS3e",11.420,true,"239786.0-1","glide-grid_995",255,5,-4.212,-0.301,-0.725,-1.157,-4.212,-2.111,0.000,0.000,-1.557,-1.311,-8.384,0.927,-0.147,-6.244,-9.695,9.321,6,367,0.000,"This compound has a N-S or N-O group and may undergo hydrolysis at high or low pH.",""
,"72707603.0","7595","71_72707603.0.1","2025-11-13 15:23:04","2025-11-13 15:23:04",,,,,,,"",,"","/home/db/Documentos/David_Hito2/Glide/docking_results/SP/1E9Z-glide-grid_995","docking_pv.maegz",47,"",,,"",,,,,,,,,,,,,,,,,,,,,,,"",,71,8645,true,0,2,51139,"W09IXVtOSF1DKD1PKVtDSDJdW0NAQEhdKFtPSF0pYzFbY0hdW2NIXVtjSF1jKEYpW2NIXTE=","J2VwaWtfcHl0aG9uJywgJy1waHQnLCAnMC4wJywgJy1waCcsICc3LjAnLCAnLXRuJywgJzgnLCAnLW1hJywgJzIwMCcsICctaW1hZScsICc8aW5maWxlLm1hZT4nLCAnLW9tYWUnLCAnPG91dGZpbGUubWFlPic=",1.000,0.0062,0.0000,0.0062,0.0000,0.000,0,0,0,"OPLS3e",8.023,true,"72707603.0-1","glide-grid_995",71,6,-4.212,-0.301,-0.725,-1.157,-4.212,-1.766,0.000,0.000,-2.027,3.952,-10.959,1.233,-0.206,-5.615,-7.007,3.676,3,63,0.000,"This compound has a N-S or N-O group and may undergo hydrolysis at high or low pH.",""
,"72707672.0","7596","59_72707672.0.1","2025-11-13 15:23:04","2025-11-13 15:23:04",,,,,,,"",,"","/home/db/Documentos/David_Hito2/Glide/docking_results/SP/1E9Z-glide-grid_995","docking_pv.maegz",48,"",,,"",,,,,,,,,,,,,,,,,,,,,,,"",,59,895,true,0,2,51139,"W09IXVtOSF1DKD1PKVtDSDJdW0NAQEhdKFtPSF0pYzFbY0hdW2NIXWMoQ2wpYyhDbClbY0hdMQ==","J2VwaWtfcHl0aG9uJywgJy1waHQnLCAnMC4wJywgJy1waCcsICc3LjAnLCAnLXRuJywgJzgnLCAnLW1hJywgJzIwMCcsICctaW1hZScsICc8aW5maWxlLm1hZT4nLCAnLW9tYWUnLCAnPG91dGZpbGUubWFlPic=",1.000,0.0062,0.0000,0.0062,0.0000,0.000,0,0,0,"OPLS3e",8.499,true,"72707672.0-1","glide-grid_995",59,6,-4.207,-0.280,-0.692,-1.135,-4.207,-1.837,0.000,0.000,-1.678,6.560,-11.243,0.840,-0.173,-9.085,-4.683,3.955,12,300,0.000,"This compound has a N-S or N-O group and may undergo hydrolysis at high or low pH.",""
,"71721720.0","7597","66_71721720.0.1","2025-11-13 15:23:04","2025-11-13 15:23:04",,,,,,,"",,"","/home/db/Documentos/David_Hito2/Glide/docking_results/SP/1E9Z-glide-grid_995","docking_pv.maegz",49,"",,,"",,,,,,,,,,,,,,,,,,,,,,,"",,66,15600,true,0,2,51139,"W09IXVtOSF1DKD1PKVtDSDJdW0NAQEhdKFtPSF0pYzFbY0hdW2NIXVtjSF1bY0hdW2NIXTE=","J2VwaWtfcHl0aG9uJywgJy1waHQnLCAnMC4wJywgJy1waCcsICc3LjAnLCAnLXRuJywgJzgnLCAnLW1hJywgJzIwMCcsICctaW1hZScsICc8aW5maWxlLm1hZT4nLCAnLW9tYWUnLCAnPG91dGZpbGUubWFlPic=",1.000,0.0062,0.0000,0.0062,0.0000,0.000,0,0,0,"OPLS3e",7.375,true,"71721720.0-1","glide-grid_995",66,6,-4.207,-0.324,-0.761,-1.180,-4.207,-1.989,-0.167,0.000,-2.161,-9.746,-5.518,1.443,-0.017,-16.142,-15.263,5.381,3,304,0.000,"This compound has a N-S or N-O group and may undergo hydrolysis at high or low pH.",""
,"145984703.0","7598","244_145984703.0.1","2025-11-13 15:23:04","2025-11-13 15:23:04",,,,,,,"",,"","/home/db/Documentos/David_Hito2/Glide/docking_results/SP/1E9Z-glide-grid_995","docking_pv.maegz",50,"",,,"",,,,,,,,,,,,,,,,,,,,,,,"",,244,9020,false,0,2,51139,"W09IXVtOSF1DKD1PKVtDSDJdT2MxW2NIXWMoQ2wpW2NIXVtjSF1jMUNs","J2VwaWtfcHl0aG9uJywgJy1waHQnLCAnMC4wJywgJy1waCcsICc3LjAnLCAnLXRuJywgJzgnLCAnLW1hJywgJzIwMCcsICctaW1hZScsICc8aW5maWxlLm1hZT4nLCAnLW9tYWUnLCAnPG91dGZpbGUubWFlPic=",1.000,0.0172,0.0000,0.0172,0.0000,0.000,0,0,0,"OPLS3e",11.573,true,"145984703.0-1","glide-grid_995",239,5,-4.196,-0.300,-0.722,-1.153,-4.196,-2.123,0.000,0.000,-1.782,-11.885,-3.541,0.927,-0.092,-13.896,-15.426,5.374,13,291,0.000,"This compound has a N-S or N-O group and may undergo hydrolysis at high or low pH.",""
,"145957965.0","7599","275_145957965.0.1","2025-11-13 15:23:04","2025-11-13 15:23:04",,,,,,,"",,"","/home/db/Documentos/David_Hito2/Glide/docking_results/SP/1E9Z-glide-grid_995","docking_pv.maegz",51,"",,,"",,,,,,,,,,,,,,,,,,,,,,,"",,275,1640,false,0,2,51139,"W09IXVtOSF1DKD1PKVtDSDJdW05IXWMxW2NIXWMoQ2wpW2NIXVtjSF1jMUNs","J2VwaWtfcHl0aG9uJywgJy1waHQnLCAnMC4wJywgJy1waCcsICc3LjAnLCAnLXRuJywgJzgnLCAnLW1hJywgJzIwMCcsICctaW1hZScsICc8aW5maWxlLm1hZT4nLCAnLW9tYWUnLCAnPG91dGZpbGUubWFlPic=",1.000,0.0036,0.0000,0.0036,0.0000,0.000,0,0,0,"OPLS3e",19.551,true,"145957965.0-1","glide-grid_995",270,5,-4.175,-0.298,-0.719,-1.147,-4.175,-2.166,0.000,0.000,-1.806,7.767,-9.097,0.933,-0.161,-0.387,-1.330,9.498,16,29,0.000,"This compound has a N-S or N-O group and may undergo hydrolysis at high or low pH.",""
,"155557124.0","7600","91_155557124.0.1","2025-11-13 15:23:04","2025-11-13 15:23:04",,,,,,,"",,"","/home/db/Documentos/David_Hito2/Glide/docking_results/SP/1E9Z-glide-grid_995","docking_pv.maegz",52,"",,,"",,,,,,,,,,,,,,,,,,,,,,,"",,91,56600,true,0,2,51139,"W0NIM11OKFtPSF0pQyg9TylbQ0gyXVtDQEBIXShbT0hdKWMxW2NIXVtjSF1bY0hdW2NIXWMxQ2w=","J2VwaWtfcHl0aG9uJywgJy1waHQnLCAnMC4wJywgJy1waCcsICc3LjAnLCAnLXRuJywgJzgnLCAnLW1hJywgJzIwMCcsICctaW1hZScsICc8aW5maWxlLm1hZT4nLCAnLW9tYWUnLCAnPG91dGZpbGUubWFlPic=",1.000,0.0063,0.0000,0.0063,0.0000,0.000,0,0,0,"OPLS3e",14.095,true,"155557124.0-1","glide-grid_995",91,6,-4.154,-0.277,-0.683,-1.120,-4.154,-1.538,0.000,0.000,-1.737,4.647,-12.765,0.971,-0.167,-7.641,-8.118,8.383,12,360,0.000,"This compound has a N-S or N-O group and may undergo hydrolysis at high or low pH.",""
,"145952401.0","7601","267_145952401.0.1","2025-11-13 15:23:04","2025-11-13 15:23:04",,,,,,,"",,"","/home/db/Documentos/David_Hito2/Glide/docking_results/SP/1E9Z-glide-grid_995","docking_pv.maegz",53,"",,,"",,,,,,,,,,,,,,,,,,,,,,,"",,267,12300,false,0,2,51139,"W09IXVtOSF1DKD1PKVtDSDJdW05IXWMxW2NIXVtjSF1bY0hdW2NIXWMxQnI=","J2VwaWtfcHl0aG9uJywgJy1waHQnLCAnMC4wJywgJy1waCcsICc3LjAnLCAnLXRuJywgJzgnLCAnLW1hJywgJzIwMCcsICctaW1hZScsICc8aW5maWxlLm1hZT4nLCAnLW9tYWUnLCAnPG91dGZpbGUubWFlPic=",1.000,0.0036,0.0000,0.0036,0.0000,0.000,0,0,0,"OPLS3e",19.966,true,"145952401.0-1","glide-grid_995",262,5,-4.151,-0.319,-0.751,-1.164,-4.151,-2.415,-0.169,0.000,-1.200,-4.075,-6.261,0.869,-0.093,-5.450,-10.336,9.351,15,396,0.000,"This compound has a N-S or N-O group and may undergo hydrolysis at high or low pH.",""
,"3598816.0","7602","262_3598816.0.1","2025-11-13 15:23:04","2025-11-13 15:23:04",,,,,,,"",,"","/home/db/Documentos/David_Hito2/Glide/docking_results/SP/1E9Z-glide-grid_995","docking_pv.maegz",54,"",,,"",,,,,,,,,,,,,,,,,,,,,,,"",,262,5350,false,0,2,51139,"W09IXVtOSF1DKD1PKVtDSDJdT2MxW2NIXVtjSF1jKEJyKVtjSF1bY0hdMQ==","J2VwaWtfcHl0aG9uJywgJy1waHQnLCAnMC4wJywgJy1waCcsICc3LjAnLCAnLXRuJywgJzgnLCAnLW1hJywgJzIwMCcsICctaW1hZScsICc8aW5maWxlLm1hZT4nLCAnLW9tYWUnLCAnPG91dGZpbGUubWFlPic=",1.000,0.0172,0.0000,0.0172,0.0000,0.000,0,0,0,"OPLS3e",10.724,true,"3598816.0-1","glide-grid_995",257,5,-4.147,-0.319,-0.750,-1.163,-4.147,-1.951,-0.304,0.000,-1.498,-3.944,-7.030,0.863,-0.006,-9.433,-10.973,8.271,6,207,0.000,"This compound has a N-S or N-O group and may undergo hydrolysis at high or low pH.",""
,"145957965.0","7603","275_145957965.0.1","2025-11-13 15:23:04","2025-11-13 15:23:04",,,,,,,"",,"","/home/db/Documentos/David_Hito2/Glide/docking_results/SP/1E9Z-glide-grid_995","docking_pv.maegz",55,"",,,"",,,,,,,,,,,,,,,,,,,,,,,"",,275,1640,false,0,2,51139,"W09IXVtOSF1DKD1PKVtDSDJdW05IXWMxW2NIXWMoQ2wpW2NIXVtjSF1jMUNs","J2VwaWtfcHl0aG9uJywgJy1waHQnLCAnMC4wJywgJy1waCcsICc3LjAnLCAnLXRuJywgJzgnLCAnLW1hJywgJzIwMCcsICctaW1hZScsICc8aW5maWxlLm1hZT4nLCAnLW9tYWUnLCAnPG91dGZpbGUubWFlPic=",1.000,0.0036,0.0000,0.0036,0.0000,0.000,0,0,0,"OPLS3e",19.551,true,"145957965.0-1","glide-grid_995",270,5,-4.137,-0.295,-0.712,-1.137,-4.137,-2.185,-0.198,0.000,-1.798,-0.957,-5.514,0.933,-0.014,-6.451,-6.470,7.537,16,226,0.000,"This compound has a N-S or N-O group and may undergo hydrolysis at high or low pH.",""
,"203276.0","7604","284_203276.0.1","2025-11-13 15:23:04","2025-11-13 15:23:04",,,,,,,"",,"","/home/db/Documentos/David_Hito2/Glide/docking_results/SP/1E9Z-glide-grid_995","docking_pv.maegz",56,"",,,"",,,,,,,,,,,,,,,,,,,,,,,"",,284,21180,false,0,2,51139,"W09IXVtOSF1DKD1PKVtDSDJdW05IXWMxW2NIXVtjSF1jKENsKWMoQ2wpW2NIXTE=","J2VwaWtfcHl0aG9uJywgJy1waHQnLCAnMC4wJywgJy1waCcsICc3LjAnLCAnLXRuJywgJzgnLCAnLW1hJywgJzIwMCcsICctaW1hZScsICc8aW5maWxlLm1hZT4nLCAnLW9tYWUnLCAnPG91dGZpbGUubWFlPic=",1.000,0.0036,0.0000,0.0036,0.0000,0.000,0,0,0,"OPLS3e",17.624,true,"203276.0-1","glide-grid_995",279,5,-4.134,-0.295,-0.712,-1.136,-4.134,-1.825,-0.202,0.000,-1.345,2.647,-11.162,0.933,-0.153,-2.054,-8.515,13.482,7,288,0.000,"This compound has a N-S or N-O group and may undergo hydrolysis at high or low pH.",""
,"3657.0","7605","326_3657.0.1","2025-11-13 15:23:04","2025-11-13 15:23:04",,,,,,,"",,"","/home/db/Documentos/David_Hito2/Glide/docking_results/SP/1E9Z-glide-grid_995","docking_pv.maegz",57,"",,,"",,,,,,,,,,,,,,,,,,,,,,,"",,326,88750,false,0,2,51139,"W05IMl1DKD1PKVtOSF1bT0hd","J2VwaWtfcHl0aG9uJywgJy1waHQnLCAnMC4wJywgJy1waCcsICc3LjAnLCAnLXRuJywgJzgnLCAnLW1hJywgJzIwMCcsICctaW1hZScsICc8aW5maWxlLm1hZT4nLCAnLW9tYWUnLCAnPG91dGZpbGUubWFlPic=",1.000,0.0115,0.0000,0.0115,0.0000,0.000,0,0,0,"OPLS3e",-0.160,true,"3657.0-1","glide-grid_995",301,2,-4.131,-0.826,-1.413,-1.583,-4.131,0.000,0.000,0.000,-2.250,-1.984,-11.055,0.000,-0.124,-20.151,-13.039,0.063,1,262,0.000,"This compound has a N-S or N-O group and may undergo hydrolysis at high or low pH.",""
,"130677882.0","7606","240_130677882.0.1","2025-11-13 15:23:04","2025-11-13 15:23:04",,,,,,,"",,"","/home/db/Documentos/David_Hito2/Glide/docking_results/SP/1E9Z-glide-grid_995","docking_pv.maegz",58,"",,,"",,,,,,,,,,,,,,,,,,,,,,,"",,240,153600,false,0,2,51139,"W0NIM11jMVtjSF1bY0hdW2NIXVtjSF1jMU9bQ0gyXUMoPU8pW05IXVtPSF0=","J2VwaWtfcHl0aG9uJywgJy1waHQnLCAnMC4wJywgJy1waCcsICc3LjAnLCAnLXRuJywgJzgnLCAnLW1hJywgJzIwMCcsICctaW1hZScsICc8aW5maWxlLm1hZT4nLCAnLW9tYWUnLCAnPG91dGZpbGUubWFlPic=",1.000,0.0172,0.0000,0.0172,0.0000,0.000,0,0,0,"OPLS3e",11.281,true,"130677882.0-1","glide-grid_995",235,5,-4.127,-0.317,-0.746,-1.158,-4.127,-2.170,-0.263,0.000,-2.168,-5.117,-7.887,1.924,-0.010,-12.638,-13.004,5.098,34,323,0.000,"This compound has a N-S or N-O group and may undergo hydrolysis at high or low pH.",""
,"71721721.0","7607","78_71721721.0.1","2025-11-13 15:23:04","2025-11-13 15:23:04",,,,,,,"",,"","/home/db/Documentos/David_Hito2/Glide/docking_results/SP/1E9Z-glide-grid_995","docking_pv.maegz",59,"",,,"",,,,,,,,,,,,,,,,,,,,,,,"",,78,83,true,0,2,51139,"W09IXVtOSF1DKD1PKVtDSDJdW0NAQEhdKFtPSF0pYzFbY0hdW2NIXVtjSF1jKENsKVtjSF0x","J2VwaWtfcHl0aG9uJywgJy1waHQnLCAnMC4wJywgJy1waCcsICc3LjAnLCAnLXRuJywgJzgnLCAnLW1hJywgJzIwMCcsICctaW1hZScsICc8aW5maWxlLm1hZT4nLCAnLW9tYWUnLCAnPG91dGZpbGUubWFlPic=",1.000,0.0062,0.0000,0.0062,0.0000,0.000,0,0,0,"OPLS3e",7.896,true,"71721721.0-1","glide-grid_995",78,6,-4.120,-0.294,-0.709,-1.132,-4.120,-1.805,0.000,0.000,-1.862,1.712,-10.155,1.080,-0.095,-12.745,-8.443,4.774,3,95,0.000,"This compound has a N-S or N-O group and may undergo hydrolysis at high or low pH.",""
,"130006294.0","7608","283_130006294.0.1","2025-11-13 15:23:04","2025-11-13 15:23:04",,,,,,,"",,"","/home/db/Documentos/David_Hito2/Glide/docking_results/SP/1E9Z-glide-grid_995","docking_pv.maegz",60,"",,,"",,,,,,,,,,,,,,,,,,,,,,,"",,283,58900,false,0,2,51139,"W09IXVtOSF1DKD1PKVtDSDJdW05IXWMxW2NIXVtjSF1bY0hdW2NIXWMxQ2w=","J2VwaWtfcHl0aG9uJywgJy1waHQnLCAnMC4wJywgJy1waCcsICc3LjAnLCAnLXRuJywgJzgnLCAnLW1hJywgJzIwMCcsICctaW1hZScsICc8aW5maWxlLm1hZT4nLCAnLW9tYWUnLCAnPG91dGZpbGUubWFlPic=",1.000,0.0036,0.0000,0.0036,0.0000,0.000,0,0,0,"OPLS3e",20.874,true,"130006294.0-1","glide-grid_995",278,5,-4.115,-0.317,-0.744,-1.154,-4.115,-2.424,-0.241,0.000,-1.468,-7.543,-4.830,1.219,-0.100,-4.085,-12.373,14.346,9,42,0.000,"This compound has a N-S or N-O group and may undergo hydrolysis at high or low pH.",""
,"155557124.0","7609","91_155557124.0.1","2025-11-13 15:23:04","2025-11-13 15:23:04",,,,,,,"",,"","/home/db/Documentos/David_Hito2/Glide/docking_results/SP/1E9Z-glide-grid_995","docking_pv.maegz",61,"",,,"",,,,,,,,,,,,,,,,,,,,,,,"",,91,56600,true,0,2,51139,"W0NIM11OKFtPSF0pQyg9TylbQ0gyXVtDQEBIXShbT0hdKWMxW2NIXVtjSF1bY0hdW2NIXWMxQ2w=","J2VwaWtfcHl0aG9uJywgJy1waHQnLCAnMC4wJywgJy1waCcsICc3LjAnLCAnLXRuJywgJzgnLCAnLW1hJywgJzIwMCcsICctaW1hZScsICc8aW5maWxlLm1hZT4nLCAnLW9tYWUnLCAnPG91dGZpbGUubWFlPic=",1.000,0.0063,0.0000,0.0063,0.0000,0.000,0,0,0,"OPLS3e",14.095,true,"155557124.0-1","glide-grid_995",91,6,-4.115,-0.274,-0.677,-1.110,-4.115,-1.647,0.000,0.000,-1.415,2.631,-13.391,0.971,-0.147,-9.446,-10.760,8.141,12,47,0.000,"This compound has a N-S or N-O group and may undergo hydrolysis at high or low pH.",""
,"71721720.0","7610","66_71721720.0.1","2025-11-13 15:23:04","2025-11-13 15:23:04",,,,,,,"",,"","/home/db/Documentos/David_Hito2/Glide/docking_results/SP/1E9Z-glide-grid_995","docking_pv.maegz",62,"",,,"",,,,,,,,,,,,,,,,,,,,,,,"",,66,15600,true,0,2,51139,"W09IXVtOSF1DKD1PKVtDSDJdW0NAQEhdKFtPSF0pYzFbY0hdW2NIXVtjSF1bY0hdW2NIXTE=","J2VwaWtfcHl0aG9uJywgJy1waHQnLCAnMC4wJywgJy1waCcsICc3LjAnLCAnLXRuJywgJzgnLCAnLW1hJywgJzIwMCcsICctaW1hZScsICc8aW5maWxlLm1hZT4nLCAnLW9tYWUnLCAnPG91dGZpbGUubWFlPic=",1.000,0.0062,0.0000,0.0062,0.0000,0.000,0,0,0,"OPLS3e",7.375,true,"71721720.0-1","glide-grid_995",66,6,-4.106,-0.316,-0.743,-1.152,-4.106,-2.125,-0.115,0.000,-2.172,-0.668,-6.738,1.443,-0.092,-5.645,-7.406,10.550,10,244,0.000,"This compound has a N-S or N-O group and may undergo hydrolysis at high or low pH.",""
,"145986005.0","7611","238_145986005.0.1","2025-11-13 15:23:04","2025-11-13 15:23:04",,,,,,,"",,"","/home/db/Documentos/David_Hito2/Glide/docking_results/SP/1E9Z-glide-grid_995","docking_pv.maegz",63,"",,,"",,,,,,,,,,,,,,,,,,,,,,,"",,238,3220,false,0,2,51139,"W09IXVtOSF1DKD1PKVtDSDJdT2MxW2NIXWMoQ2wpW2NIXWMoQ2wpW2NIXTE=","J2VwaWtfcHl0aG9uJywgJy1waHQnLCAnMC4wJywgJy1waCcsICc3LjAnLCAnLXRuJywgJzgnLCAnLW1hJywgJzIwMCcsICctaW1hZScsICc8aW5maWxlLm1hZT4nLCAnLW9tYWUnLCAnPG91dGZpbGUubWFlPic=",1.000,0.0172,0.0000,0.0172,0.0000,0.000,0,0,0,"OPLS3e",15.448,true,"145986005.0-1","glide-grid_995",233,5,-4.104,-0.293,-0.706,-1.128,-4.104,-1.864,0.000,0.000,-1.662,5.040,-10.855,0.927,-0.127,-6.267,-5.815,12.486,6,394,0.000,"This compound has a N-S or N-O group and may undergo hydrolysis at high or low pH.",""
,"145984790.0","7612","247_145984790.0.1","2025-11-13 15:23:04","2025-11-13 15:23:04",,,,,,,"",,"","/home/db/Documentos/David_Hito2/Glide/docking_results/SP/1E9Z-glide-grid_995","docking_pv.maegz",64,"",,,"",,,,,,,,,,,,,,,,,,,,,,,"",,247,520,false,0,2,51139,"W09IXVtOSF1DKD1PKVtDSDJdT2MxW2NIXVtjSF1jKENsKWMoQ2wpW2NIXTE=","J2VwaWtfcHl0aG9uJywgJy1waHQnLCAnMC4wJywgJy1waCcsICc3LjAnLCAnLXRuJywgJzgnLCAnLW1hJywgJzIwMCcsICctaW1hZScsICc8aW5maWxlLm1hZT4nLCAnLW9tYWUnLCAnPG91dGZpbGUubWFlPic=",1.000,0.0172,0.0000,0.0172,0.0000,0.000,0,0,0,"OPLS3e",12.923,true,"145984790.0-1","glide-grid_995",242,5,-4.102,-0.293,-0.706,-1.127,-4.102,-2.072,0.000,0.000,-1.445,-4.863,-7.672,0.927,-0.118,-10.876,-12.534,8.947,4,43,0.000,"This compound has a N-S or N-O group and may undergo hydrolysis at high or low pH.",""
,"71721723.0","7613","77_71721723.0.1","2025-11-13 15:23:04","2025-11-13 15:23:04",,,,,,,"",,"","/home/db/Documentos/David_Hito2/Glide/docking_results/SP/1E9Z-glide-grid_995","docking_pv.maegz",65,"",,,"",,,,,,,,,,,,,,,,,,,,,,,"",,77,1280,true,0,2,51139,"W09IXVtOSF1DKD1PKVtDSDJdW0NAQEhdKFtPSF0pYzFbY0hdYyhDbClbY0hdW2NIXWMxW09IXQ==","J2VwaWtfcHl0aG9uJywgJy1waHQnLCAnMC4wJywgJy1waCcsICc3LjAnLCAnLXRuJywgJzgnLCAnLW1hJywgJzIwMCcsICctaW1hZScsICc8aW5maWxlLm1hZT4nLCAnLW9tYWUnLCAnPG91dGZpbGUubWFlPic=",1.000,0.0132,0.0000,0.0132,0.0000,0.000,0,0,0,"OPLS3e",5.815,true,"71721723.0-1","glide-grid_995",77,7,-4.079,-0.272,-0.671,-1.100,-4.079,-1.764,-0.100,0.000,-1.762,1.336,-11.840,1.276,-0.020,-16.508,-10.504,6.053,19,12,0.000,"This compound has a N-S or N-O group and may undergo hydrolysis at high or low pH.",""
,"145952401.0","7614","267_145952401.0.1","2025-11-13 15:23:04","2025-11-13 15:23:04",,,,,,,"",,"","/home/db/Documentos/David_Hito2/Glide/docking_results/SP/1E9Z-glide-grid_995","docking_pv.maegz",66,"",,,"",,,,,,,,,,,,,,,,,,,,,,,"",,267,12300,false,0,2,51139,"W09IXVtOSF1DKD1PKVtDSDJdW05IXWMxW2NIXVtjSF1bY0hdW2NIXWMxQnI=","J2VwaWtfcHl0aG9uJywgJy1waHQnLCAnMC4wJywgJy1waCcsICc3LjAnLCAnLXRuJywgJzgnLCAnLW1hJywgJzIwMCcsICctaW1hZScsICc8aW5maWxlLm1hZT4nLCAnLW9tYWUnLCAnPG91dGZpbGUubWFlPic=",1.000,0.0036,0.0000,0.0036,0.0000,0.000,0,0,0,"OPLS3e",19.966,true,"145952401.0-1","glide-grid_995",262,5,-4.067,-0.313,-0.736,-1.141,-4.067,-2.063,0.000,0.000,-1.618,-5.621,-5.993,0.869,-0.074,-9.282,-11.614,6.583,16,103,0.000,"This compound has a N-S or N-O group and may undergo hydrolysis at high or low pH.",""
,"72707601.0","7615","75_72707601.0.1","2025-11-13 15:23:04","2025-11-13 15:23:04",,,,,,,"",,"","/home/db/Documentos/David_Hito2/Glide/docking_results/SP/1E9Z-glide-grid_995","docking_pv.maegz",67,"",,,"",,,,,,,,,,,,,,,,,,,,,,,"",,75,131000,true,0,2,51139,"W09IXVtOSF1DKD1PKVtDSDJdW0NAQEhdKFtPSF0pYzFbY0hdW2NIXVtjSF1jKFtPSF0pW2NIXTE=","J2VwaWtfcHl0aG9uJywgJy1waHQnLCAnMC4wJywgJy1waCcsICc3LjAnLCAnLXRuJywgJzgnLCAnLW1hJywgJzIwMCcsICctaW1hZScsICc8aW5maWxlLm1hZT4nLCAnLW9tYWUnLCAnPG91dGZpbGUubWFlPic=",1.000,0.0083,0.0000,0.0083,0.0000,0.000,0,0,0,"OPLS3e",8.591,true,"72707601.0-1","glide-grid_995",75,7,-4.062,-0.290,-0.699,-1.116,-4.062,-1.994,0.000,0.000,-1.977,4.312,-12.410,1.672,-0.117,-3.358,-8.098,10.334,23,364,0.000,"This compound has a N-S or N-O group and may undergo hydrolysis at high or low pH.",""
,"3657.0","7616","326_3657.0.1","2025-11-13 15:23:04","2025-11-13 15:23:04",,,,,,,"",,"","/home/db/Documentos/David_Hito2/Glide/docking_results/SP/1E9Z-glide-grid_995","docking_pv.maegz",68,"",,,"",,,,,,,,,,,,,,,,,,,,,,,"",,326,88750,false,0,2,51139,"W05IMl1DKD1PKVtOSF1bT0hd","J2VwaWtfcHl0aG9uJywgJy1waHQnLCAnMC4wJywgJy1waCcsICc3LjAnLCAnLXRuJywgJzgnLCAnLW1hJywgJzIwMCcsICctaW1hZScsICc8aW5maWxlLm1hZT4nLCAnLW9tYWUnLCAnPG91dGZpbGUubWFlPic=",1.000,0.0115,0.0000,0.0115,0.0000,0.000,0,0,0,"OPLS3e",-0.160,true,"3657.0-1","glide-grid_995",301,2,-4.059,-0.812,-1.388,-1.555,-4.059,0.000,-0.160,0.000,-2.250,-5.454,-8.137,0.000,-0.155,-20.605,-13.591,0.008,1,17,0.000,"This compound has a N-S or N-O group and may undergo hydrolysis at high or low pH.",""
,"46769546.0","7617","291_46769546.0.1","2025-11-13 15:23:04","2025-11-13 15:23:04",,,,,,,"",,"","/home/db/Documentos/David_Hito2/Glide/docking_results/SP/1E9Z-glide-grid_995","docking_pv.maegz",69,"",,,"",,,,,,,,,,,,,,,,,,,,,,,"",,291,2470,false,0,2,51139,"W09IXVtOSF1DKD1PKVtDSDJdW05IXWMxW2NIXVtjSF1jKENsKVtjSF1bY0hdMQ==","J2VwaWtfcHl0aG9uJywgJy1waHQnLCAnMC4wJywgJy1waCcsICc3LjAnLCAnLXRuJywgJzgnLCAnLW1hJywgJzIwMCcsICctaW1hZScsICc8aW5maWxlLm1hZT4nLCAnLW9tYWUnLCAnPG91dGZpbGUubWFlPic=",1.000,0.0036,0.0000,0.0036,0.0000,0.000,0,0,0,"OPLS3e",15.382,true,"46769546.0-1","glide-grid_995",286,5,-4.055,-0.312,-0.733,-1.137,-4.055,-1.951,-0.271,0.000,-1.949,-3.986,-5.910,1.219,-0.017,-6.280,-9.896,8.697,16,338,0.000,"This compound has a N-S or N-O group and may undergo hydrolysis at high or low pH.",""
,"145954976.0","7618","287_145954976.0.1","2025-11-13 15:23:04","2025-11-13 15:23:04",,,,,,,"",,"","/home/db/Documentos/David_Hito2/Glide/docking_results/SP/1E9Z-glide-grid_995","docking_pv.maegz",70,"",,,"",,,,,,,,,,,,,,,,,,,,,,,"",,287,66100,false,0,2,51139,"W09IXVtOSF1DKD1PKVtDSDJdW05IXWMxW2NIXVtjSF1jKENsKVtjSF1jMUNs","J2VwaWtfcHl0aG9uJywgJy1waHQnLCAnMC4wJywgJy1waCcsICc3LjAnLCAnLXRuJywgJzgnLCAnLW1hJywgJzIwMCcsICctaW1hZScsICc8aW5maWxlLm1hZT4nLCAnLW9tYWUnLCAnPG91dGZpbGUubWFlPic=",1.000,0.0036,0.0000,0.0036,0.0000,0.000,0,0,0,"OPLS3e",19.465,true,"145954976.0-1","glide-grid_995",282,5,-4.053,-0.290,-0.698,-1.114,-4.053,-2.193,0.000,0.000,-1.741,-8.337,-3.915,0.933,-0.048,-11.258,-12.252,8.852,10,151,0.000,"This compound has a N-S or N-O group and may undergo hydrolysis at high or low pH.",""
,"145954976.0","7619","287_145954976.0.1","2025-11-13 15:23:04","2025-11-13 15:23:04",,,,,,,"",,"","/home/db/Documentos/David_Hito2/Glide/docking_results/SP/1E9Z-glide-grid_995","docking_pv.maegz",71,"",,,"",,,,,,,,,,,,,,,,,,,,,,,"",,287,66100,false,0,2,51139,"W09IXVtOSF1DKD1PKVtDSDJdW05IXWMxW2NIXVtjSF1jKENsKVtjSF1jMUNs","J2VwaWtfcHl0aG9uJywgJy1waHQnLCAnMC4wJywgJy1waCcsICc3LjAnLCAnLXRuJywgJzgnLCAnLW1hJywgJzIwMCcsICctaW1hZScsICc8aW5maWxlLm1hZT4nLCAnLW9tYWUnLCAnPG91dGZpbGUubWFlPic=",1.000,0.0036,0.0000,0.0036,0.0000,0.000,0,0,0,"OPLS3e",19.465,true,"145954976.0-1","glide-grid_995",282,5,-4.041,-0.289,-0.696,-1.110,-4.041,-2.140,-0.309,0.000,-1.605,3.800,-6.916,0.933,-0.072,0.846,-3.116,13.989,9,50,0.000,"This compound has a N-S or N-O group and may undergo hydrolysis at high or low pH.",""
,"155562391.0","7620","88_155562391.0.1","2025-11-13 15:23:04","2025-11-13 15:23:04",,,,,,,"",,"","/home/db/Documentos/David_Hito2/Glide/docking_results/SP/1E9Z-glide-grid_995","docking_pv.maegz",72,"",,,"",,,,,,,,,,,,,,,,,,,,,,,"",,88,71200,true,0,2,51139,"W0NIM11OKFtPSF0pQyg9TylbQ0gyXVtDQEBIXShbT0hdKWMxW2NIXVtjSF1bY0hdYyhGKVtjSF0x","J2VwaWtfcHl0aG9uJywgJy1waHQnLCAnMC4wJywgJy1waCcsICc3LjAnLCAnLXRuJywgJzgnLCAnLW1hJywgJzIwMCcsICctaW1hZScsICc8aW5maWxlLm1hZT4nLCAnLW9tYWUnLCAnPG91dGZpbGUubWFlPic=",1.000,0.0063,0.0000,0.0063,0.0000,0.000,0,0,0,"OPLS3e",15.144,true,"155562391.0-1","glide-grid_995",88,6,-4.031,-0.269,-0.663,-1.087,-4.031,-2.036,0.000,0.000,-1.189,-1.324,-10.808,1.101,-0.219,-6.120,-12.132,9.809,12,154,0.000,"This compound has a N-S or N-O group and may undergo hydrolysis at high or low pH.",""
,"46769547.0","7621","289_46769547.0.1","2025-11-13 15:23:04","2025-11-13 15:23:04",,,,,,,"",,"","/home/db/Documentos/David_Hito2/Glide/docking_results/SP/1E9Z-glide-grid_995","docking_pv.maegz",73,"",,,"",,,,,,,,,,,,,,,,,,,,,,,"",,289,3910,false,0,2,51139,"W0NIM11jMVtjSF1bY0hdYyhbY0hdW2NIXTEpW05IXVtDSDJdQyg9TylbTkhdW09IXQ==","J2VwaWtfcHl0aG9uJywgJy1waHQnLCAnMC4wJywgJy1waCcsICc3LjAnLCAnLXRuJywgJzgnLCAnLW1hJywgJzIwMCcsICctaW1hZScsICc8aW5maWxlLm1hZT4nLCAnLW9tYWUnLCAnPG91dGZpbGUubWFlPic=",1.000,0.0039,0.0000,0.0039,0.0000,0.000,0,0,0,"OPLS3e",12.729,true,"46769547.0-1","glide-grid_995",284,5,-4.012,-0.309,-0.726,-1.125,-4.012,-1.981,-0.304,0.000,-1.873,2.172,-11.885,1.941,-0.120,-6.416,-9.713,8.661,2,46,0.000,"This compound has a N-S or N-O group and may undergo hydrolysis at high or low pH.",""
,"60651050.0","7622","250_60651050.0.1","2025-11-13 15:23:04","2025-11-13 15:23:04",,,,,,,"",,"","/home/db/Documentos/David_Hito2/Glide/docking_results/SP/1E9Z-glide-grid_995","docking_pv.maegz",74,"",,,"",,,,,,,,,,,,,,,,,,,,,,,"",,250,10400,false,0,2,51139,"W09IXVtOSF1DKD1PKVtDSDJdT2MxW2NIXVtjSF1bY0hdYyhDbClbY0hdMQ==","J2VwaWtfcHl0aG9uJywgJy1waHQnLCAnMC4wJywgJy1waCcsICc3LjAnLCAnLXRuJywgJzgnLCAnLW1hJywgJzIwMCcsICctaW1hZScsICc8aW5maWxlLm1hZT4nLCAnLW9tYWUnLCAnPG91dGZpbGUubWFlPic=",1.000,0.0172,0.0000,0.0172,0.0000,0.000,0,0,0,"OPLS3e",12.189,true,"60651050.0-1","glide-grid_995",245,5,-4.010,-0.308,-0.725,-1.125,-4.010,-2.067,-0.305,0.000,-1.437,-13.424,-4.795,1.209,-0.019,-17.484,-18.218,4.442,6,299,0.000,"This compound has a N-S or N-O group and may undergo hydrolysis at high or low pH.",""
,"11183280.0","7623","245_11183280.0.1","2025-11-13 15:23:04","2025-11-13 15:23:04",,,,,,,"",,"","/home/db/Documentos/David_Hito2/Glide/docking_results/SP/1E9Z-glide-grid_995","docking_pv.maegz",75,"",,,"",,,,,,,,,,,,,,,,,,,,,,,"",,245,1260,false,0,2,51139,"W09IXVtOSF1DKD1PKVtDSDJdT2MxW2NIXVtjSF1jKENsKVtjSF1bY0hdMQ==","J2VwaWtfcHl0aG9uJywgJy1waHQnLCAnMC4wJywgJy1waCcsICc3LjAnLCAnLXRuJywgJzgnLCAnLW1hJywgJzIwMCcsICctaW1hZScsICc8aW5maWxlLm1hZT4nLCAnLW9tYWUnLCAnPG91dGZpbGUubWFlPic=",1.000,0.0172,0.0000,0.0172,0.0000,0.000,0,0,0,"OPLS3e",11.009,true,"11183280.0-1","glide-grid_995",240,5,-4.008,-0.308,-0.725,-1.124,-4.008,-1.959,-0.305,0.000,-1.804,-7.959,-4.950,1.209,-0.008,-10.367,-12.909,8.587,6,91,0.000,"This compound has a N-S or N-O group and may undergo hydrolysis at high or low pH.",""
,"239786.0","7624","260_239786.0.1","2025-11-13 15:23:04","2025-11-13 15:23:04",,,,,,,"",,"","/home/db/Documentos/David_Hito2/Glide/docking_results/SP/1E9Z-glide-grid_995","docking_pv.maegz",76,"",,,"",,,,,,,,,,,,,,,,,,,,,,,"",,260,830,false,0,2,51139,"W09IXVtOSF1DKD1PKVtDSDJdT2MxW2NIXVtjSF1jKENsKVtjSF1jMUNs","J2VwaWtfcHl0aG9uJywgJy1waHQnLCAnMC4wJywgJy1waCcsICc3LjAnLCAnLXRuJywgJzgnLCAnLW1hJywgJzIwMCcsICctaW1hZScsICc8aW5maWxlLm1hZT4nLCAnLW9tYWUnLCAnPG91dGZpbGUubWFlPic=",1.000,0.0172,0.0000,0.0172,0.0000,0.000,0,0,0,"OPLS3e",11.420,true,"239786.0-1","glide-grid_995",255,5,-3.997,-0.286,-0.688,-1.098,-3.997,-2.122,0.000,0.000,-1.626,-10.297,-3.849,0.927,-0.084,-12.462,-14.146,5.986,6,301,0.000,"This compound has a N-S or N-O group and may undergo hydrolysis at high or low pH.",""
,"130006294.0","7625","283_130006294.0.1","2025-11-13 15:23:04","2025-11-13 15:23:04",,,,,,,"",,"","/home/db/Documentos/David_Hito2/Glide/docking_results/SP/1E9Z-glide-grid_995","docking_pv.maegz",77,"",,,"",,,,,,,,,,,,,,,,,,,,,,,"",,283,58900,false,0,2,51139,"W09IXVtOSF1DKD1PKVtDSDJdW05IXWMxW2NIXVtjSF1bY0hdW2NIXWMxQ2w=","J2VwaWtfcHl0aG9uJywgJy1waHQnLCAnMC4wJywgJy1waCcsICc3LjAnLCAnLXRuJywgJzgnLCAnLW1hJywgJzIwMCcsICctaW1hZScsICc8aW5maWxlLm1hZT4nLCAnLW9tYWUnLCAnPG91dGZpbGUubWFlPic=",1.000,0.0036,0.0000,0.0036,0.0000,0.000,0,0,0,"OPLS3e",20.874,true,"130006294.0-1","glide-grid_995",278,5,-3.984,-0.306,-0.721,-1.117,-3.984,-2.107,0.000,0.000,-1.938,-3.376,-5.895,1.219,-0.105,-5.487,-9.271,7.986,10,311,0.000,"This compound has a N-S or N-O group and may undergo hydrolysis at high or low pH.",""
,"14368879.0","7626","16_14368879.0.1","2025-11-13 15:23:04","2025-11-13 15:23:04",,,,,,,"",,"","/home/db/Documentos/David_Hito2/Glide/docking_results/SP/1E9Z-glide-grid_995","docking_pv.maegz",78,"",,,"",,,,,,,,,,,,,,,,,,,,,,,"",,16,23000,false,0,2,51139,"W0NIM11bQ0gyXVtDSDJdW0NIMl1jMVtjSF1bY0hdYyhbT0hdKWMoW09IXSlbY0hdMQ==","J2VwaWtfcHl0aG9uJywgJy1waHQnLCAnMC4wJywgJy1waCcsICc3LjAnLCAnLXRuJywgJzgnLCAnLW1hJywgJzIwMCcsICctaW1hZScsICc8aW5maWxlLm1hZT4nLCAnLW9tYWUnLCAnPG91dGZpbGUubWFlPic=",1.000,0.0013,0.0000,0.0013,0.0000,0.000,0,0,0,"OPLS3e",10.463,true,"14368879.0-1","glide-grid_995",16,5,-3.983,-0.332,-0.760,-1.143,-3.983,-1.733,0.000,0.000,-2.250,6.053,-9.398,1.107,0.000,-1.142,-3.345,7.200,2,145,0.000,"",""
,"95562486.0","7627","243_95562486.0.1","2025-11-13 15:23:04","2025-11-13 15:23:04",,,,,,,"",,"","/home/db/Documentos/David_Hito2/Glide/docking_results/SP/1E9Z-glide-grid_995","docking_pv.maegz",79,"",,,"",,,,,,,,,,,,,,,,,,,,,,,"",,243,78500,false,0,2,51139,"W09IXVtOSF1DKD1PKVtDSDJdT2MxW2NIXVtjSF1bY0hdW2NIXWMxQ2w=","J2VwaWtfcHl0aG9uJywgJy1waHQnLCAnMC4wJywgJy1waCcsICc3LjAnLCAnLXRuJywgJzgnLCAnLW1hJywgJzIwMCcsICctaW1hZScsICc8aW5maWxlLm1hZT4nLCAnLW9tYWUnLCAnPG91dGZpbGUubWFlPic=",1.000,0.0172,0.0000,0.0172,0.0000,0.000,0,0,0,"OPLS3e",12.887,true,"95562486.0-1","glide-grid_995",238,5,-3.982,-0.306,-0.720,-1.117,-3.982,-2.107,0.000,0.000,-1.828,3.817,-8.765,1.209,-0.132,-3.280,-4.948,6.702,6,141,0.000,"This compound has a N-S or N-O group and may undergo hydrolysis at high or low pH.",""
,"145955823.0","7628","295_145955823.0.1","2025-11-13 15:23:04","2025-11-13 15:23:04",,,,,,,"",,"","/home/db/Documentos/David_Hito2/Glide/docking_results/SP/1E9Z-glide-grid_995","docking_pv.maegz",80,"",,,"",,,,,,,,,,,,,,,,,,,,,,,"",,295,9040,false,0,2,51139,"W09IXVtOSF1DKD1PKVtDSDJdW0NIMl1bTkhdYzFbY0hdW2NIXWMoRilbY0hdW2NIXTE=","J2VwaWtfcHl0aG9uJywgJy1waHQnLCAnMC4wJywgJy1waCcsICc3LjAnLCAnLXRuJywgJzgnLCAnLW1hJywgJzIwMCcsICctaW1hZScsICc8aW5maWxlLm1hZT4nLCAnLW9tYWUnLCAnPG91dGZpbGUubWFlPic=",1.000,0.0043,0.0000,0.0043,0.0000,0.000,0,0,0,"OPLS3e",11.252,true,"145955823.0-1","glide-grid_995",290,6,-3.961,-0.283,-0.682,-1.088,-3.961,-1.828,-0.306,0.000,-2.040,-10.488,-5.802,1.658,-0.049,-16.173,-16.290,10.637,23,189,0.000,"This compound has a N-S or N-O group and may undergo hydrolysis at high or low pH.",""
,"203276.0","7629","284_203276.0.1","2025-11-13 15:23:04","2025-11-13 15:23:04",,,,,,,"",,"","/home/db/Documentos/David_Hito2/Glide/docking_results/SP/1E9Z-glide-grid_995","docking_pv.maegz",81,"",,,"",,,,,,,,,,,,,,,,,,,,,,,"",,284,21180,false,0,2,51139,"W09IXVtOSF1DKD1PKVtDSDJdW05IXWMxW2NIXVtjSF1jKENsKWMoQ2wpW2NIXTE=","J2VwaWtfcHl0aG9uJywgJy1waHQnLCAnMC4wJywgJy1waCcsICc3LjAnLCAnLXRuJywgJzgnLCAnLW1hJywgJzIwMCcsICctaW1hZScsICc8aW5maWxlLm1hZT4nLCAnLW9tYWUnLCAnPG91dGZpbGUubWFlPic=",1.000,0.0036,0.0000,0.0036,0.0000,0.000,0,0,0,"OPLS3e",17.624,true,"203276.0-1","glide-grid_995",279,5,-3.954,-0.282,-0.681,-1.086,-3.954,-2.044,0.000,0.000,-1.566,-4.324,-6.246,0.933,-0.124,-5.568,-10.570,11.691,10,203,0.000,"This compound has a N-S or N-O group and may undergo hydrolysis at high or low pH.",""
,"3598816.0","7630","262_3598816.0.1","2025-11-13 15:23:04","2025-11-13 15:23:04",,,,,,,"",,"","/home/db/Documentos/David_Hito2/Glide/docking_results/SP/1E9Z-glide-grid_995","docking_pv.maegz",82,"",,,"",,,,,,,,,,,,,,,,,,,,,,,"",,262,5350,false,0,2,51139,"W09IXVtOSF1DKD1PKVtDSDJdT2MxW2NIXVtjSF1jKEJyKVtjSF1bY0hdMQ==","J2VwaWtfcHl0aG9uJywgJy1waHQnLCAnMC4wJywgJy1waCcsICc3LjAnLCAnLXRuJywgJzgnLCAnLW1hJywgJzIwMCcsICctaW1hZScsICc8aW5maWxlLm1hZT4nLCAnLW9tYWUnLCAnPG91dGZpbGUubWFlPic=",1.000,0.0172,0.0000,0.0172,0.0000,0.000,0,0,0,"OPLS3e",10.724,true,"3598816.0-1","glide-grid_995",257,5,-3.945,-0.303,-0.714,-1.107,-3.945,-1.967,-0.305,0.000,-1.497,-5.826,-4.914,0.863,-0.011,-9.827,-10.740,6.697,6,360,0.000,"This compound has a N-S or N-O group and may undergo hydrolysis at high or low pH.",""
,"130005353.0","7631","273_130005353.0.1","2025-11-13 15:23:04","2025-11-13 15:23:04",,,,,,,"",,"","/home/db/Documentos/David_Hito2/Glide/docking_results/SP/1E9Z-glide-grid_995","docking_pv.maegz",83,"",,,"",,,,,,,,,,,,,,,,,,,,,,,"",,273,1150,false,0,2,51139,"W09IXVtOSF1DKD1PKVtDSDJdW05IXWMxW2NIXVtjSF1bY0hdYyhDbClbY0hdMQ==","J2VwaWtfcHl0aG9uJywgJy1waHQnLCAnMC4wJywgJy1waCcsICc3LjAnLCAnLXRuJywgJzgnLCAnLW1hJywgJzIwMCcsICctaW1hZScsICc8aW5maWxlLm1hZT4nLCAnLW9tYWUnLCAnPG91dGZpbGUubWFlPic=",1.000,0.0036,0.0000,0.0036,0.0000,0.000,0,0,0,"OPLS3e",17.625,true,"130005353.0-1","glide-grid_995",268,5,-3.942,-0.303,-0.713,-1.106,-3.942,-2.048,-0.307,0.000,-1.699,-13.040,-2.896,1.219,-0.019,-14.882,-15.935,4.982,10,279,0.000,"This compound has a N-S or N-O group and may undergo hydrolysis at high or low pH.",""
,"54706943.0","7632","197_54706943.0.1","2025-11-13 15:23:04","2025-11-13 15:23:04",,,,,,,"",,"","/home/db/Documentos/David_Hito2/Glide/docking_results/SP/1E9Z-glide-grid_995","docking_pv.maegz",84,"",,,"",,,,,,,,,,,,,,,,,,,,,,,"",,197,20400,false,0,2,51139,"W0NIM11PYzFbY0hdW2NIXWMoW2NIXWMxT1tDSDNdKUMyPUMoW09IXSlbQ0gyXU9DMj1P","J2VwaWtfcHl0aG9uJywgJy1waHQnLCAnMC4wJywgJy1waCcsICc3LjAnLCAnLXRuJywgJzgnLCAnLW1hJywgJzIwMCcsICctaW1hZScsICc8aW5maWxlLm1hZT4nLCAnLW9tYWUnLCAnPG91dGZpbGUubWFlPic=",1.000,0.0012,0.0001,0.0010,0.0000,0.000,-1,1,0,"OPLS3e",10.270,true,"54706943.0-1","glide-grid_995",192,3,-3.936,-0.232,-0.595,-1.027,-3.936,-1.795,0.000,0.000,-1.955,3.532,-3.819,0.311,-0.100,-2.279,-0.287,12.874,3,132,0.000,"This compound has an ester and may undergo hydrolysis at high or low pH.",""
,"386822","7633","186_386822.1","2025-11-13 15:23:04","2025-11-13 15:23:04",,,,,,,"",,"","/home/db/Documentos/David_Hito2/Glide/docking_results/SP/1E9Z-glide-grid_995","docking_pv.maegz",85,"",,,"",,,,,,,,,,,,,,,,,,,,,,,"",,186,120000,false,0,2,51139,"W0NIM11DKD1PKVtOSF1bT0hd","J2VwaWtfcHl0aG9uJywgJy1waHQnLCAnMC4wJywgJy1waCcsICc3LjAnLCAnLXRuJywgJzgnLCAnLW1hJywgJzIwMCcsICctaW1hZScsICc8aW5maWxlLm1hZT4nLCAnLW9tYWUnLCAnPG91dGZpbGUubWFlPic=",1.000,0.0042,0.0000,0.0042,0.0000,0.000,0,0,0,"OPLS3e",0.553,true,"386822-1","glide-grid_995",181,2,-3.933,-0.787,-1.345,-1.507,-3.933,-0.302,-0.255,0.000,-2.250,-7.876,-4.827,0.000,-0.009,-18.179,-12.703,0.052,1,313,0.000,"This compound has a N-S or N-O group and may undergo hydrolysis at high or low pH.",""
,"386822","7634","186_386822.1","2025-11-13 15:23:04","2025-11-13 15:23:04",,,,,,,"",,"","/home/db/Documentos/David_Hito2/Glide/docking_results/SP/1E9Z-glide-grid_995","docking_pv.maegz",86,"",,,"",,,,,,,,,,,,,,,,,,,,,,,"",,186,120000,false,0,2,51139,"W0NIM11DKD1PKVtOSF1bT0hd","J2VwaWtfcHl0aG9uJywgJy1waHQnLCAnMC4wJywgJy1waCcsICc3LjAnLCAnLXRuJywgJzgnLCAnLW1hJywgJzIwMCcsICctaW1hZScsICc8aW5maWxlLm1hZT4nLCAnLW9tYWUnLCAnPG91dGZpbGUubWFlPic=",1.000,0.0042,0.0000,0.0042,0.0000,0.000,0,0,0,"OPLS3e",0.553,true,"386822-1","glide-grid_995",181,2,-3.931,-0.786,-1.344,-1.506,-3.931,-0.232,0.000,0.000,-2.013,-2.552,-9.406,0.000,-0.148,-15.104,-11.957,3.351,1,396,0.000,"This compound has a N-S or N-O group and may undergo hydrolysis at high or low pH.",""
,"145984790.0","7635","247_145984790.0.1","2025-11-13 15:23:04","2025-11-13 15:23:04",,,,,,,"",,"","/home/db/Documentos/David_Hito2/Glide/docking_results/SP/1E9Z-glide-grid_995","docking_pv.maegz",87,"",,,"",,,,,,,,,,,,,,,,,,,,,,,"",,247,520,false,0,2,51139,"W09IXVtOSF1DKD1PKVtDSDJdT2MxW2NIXVtjSF1jKENsKWMoQ2wpW2NIXTE=","J2VwaWtfcHl0aG9uJywgJy1waHQnLCAnMC4wJywgJy1waCcsICc3LjAnLCAnLXRuJywgJzgnLCAnLW1hJywgJzIwMCcsICctaW1hZScsICc8aW5maWxlLm1hZT4nLCAnLW9tYWUnLCAnPG91dGZpbGUubWFlPic=",1.000,0.0172,0.0000,0.0172,0.0000,0.000,0,0,0,"OPLS3e",12.923,true,"145984790.0-1","glide-grid_995",242,5,-3.916,-0.280,-0.674,-1.076,-3.916,-2.111,-0.172,0.000,-1.269,-9.854,-4.663,0.927,-0.100,-10.640,-14.517,11.171,11,278,0.000,"This compound has a N-S or N-O group and may undergo hydrolysis at high or low pH.",""
,"145986005.0","7636","238_145986005.0.1","2025-11-13 15:23:04","2025-11-13 15:23:04",,,,,,,"",,"","/home/db/Documentos/David_Hito2/Glide/docking_results/SP/1E9Z-glide-grid_995","docking_pv.maegz",88,"",,,"",,,,,,,,,,,,,,,,,,,,,,,"",,238,3220,false,0,2,51139,"W09IXVtOSF1DKD1PKVtDSDJdT2MxW2NIXWMoQ2wpW2NIXWMoQ2wpW2NIXTE=","J2VwaWtfcHl0aG9uJywgJy1waHQnLCAnMC4wJywgJy1waCcsICc3LjAnLCAnLXRuJywgJzgnLCAnLW1hJywgJzIwMCcsICctaW1hZScsICc8aW5maWxlLm1hZT4nLCAnLW9tYWUnLCAnPG91dGZpbGUubWFlPic=",1.000,0.0172,0.0000,0.0172,0.0000,0.000,0,0,0,"OPLS3e",15.448,true,"145986005.0-1","glide-grid_995",233,5,-3.913,-0.280,-0.674,-1.075,-3.913,-2.079,-0.304,0.000,-1.325,-9.545,-4.204,0.927,-0.024,-17.059,-13.749,4.185,6,255,0.000,"This compound has a N-S or N-O group and may undergo hydrolysis at high or low pH.",""
,"130005353.0","7637","273_130005353.0.1","2025-11-13 15:23:04","2025-11-13 15:23:04",,,,,,,"",,"","/home/db/Documentos/David_Hito2/Glide/docking_results/SP/1E9Z-glide-grid_995","docking_pv.maegz",89,"",,,"",,,,,,,,,,,,,,,,,,,,,,,"",,273,1150,false,0,2,51139,"W09IXVtOSF1DKD1PKVtDSDJdW05IXWMxW2NIXVtjSF1bY0hdYyhDbClbY0hdMQ==","J2VwaWtfcHl0aG9uJywgJy1waHQnLCAnMC4wJywgJy1waCcsICc3LjAnLCAnLXRuJywgJzgnLCAnLW1hJywgJzIwMCcsICctaW1hZScsICc8aW5maWxlLm1hZT4nLCAnLW9tYWUnLCAnPG91dGZpbGUubWFlPic=",1.000,0.0036,0.0000,0.0036,0.0000,0.000,0,0,0,"OPLS3e",17.625,true,"130005353.0-1","glide-grid_995",268,5,-3.906,-0.300,-0.707,-1.096,-3.906,-2.047,-0.304,0.000,-1.695,-11.886,-3.099,1.219,-0.019,-12.013,-14.985,8.749,10,393,0.000,"This compound has a N-S or N-O group and may undergo hydrolysis at high or low pH.",""
,"238945.0","7638","9_238945.0.1","2025-11-13 15:23:04","2025-11-13 15:23:04",,,,,,,"",,"","/home/db/Documentos/David_Hito2/Glide/docking_results/SP/1E9Z-glide-grid_995","docking_pv.maegz",90,"",,,"",,,,,,,,,,,,,,,,,,,,,,,"",,9,79000,false,0,2,51139,"W0NIM11bQ0gyXVtDSDJdW0NIMl1jMVtjSF1bY0hdYyhbT0hdKWMoW09IXSljMVtPSF0=","J2VwaWtfcHl0aG9uJywgJy1waHQnLCAnMC4wJywgJy1waCcsICc3LjAnLCAnLXRuJywgJzgnLCAnLW1hJywgJzIwMCcsICctaW1hZScsICc8aW5maWxlLm1hZT4nLCAnLW9tYWUnLCAnPG91dGZpbGUubWFlPic=",1.000,0.0029,0.0000,0.0029,0.0000,0.000,0,0,0,"OPLS3e",12.170,true,"238945.0-1","glide-grid_995",9,6,-3.904,-0.300,-0.706,-1.095,-3.904,-1.835,0.000,0.000,-2.167,6.749,-7.953,0.953,0.000,0.201,-1.204,4.554,5,135,0.000,"",""
,"239786.0","7639","260_239786.0.1","2025-11-13 15:23:04","2025-11-13 15:23:04",,,,,,,"",,"","/home/db/Documentos/David_Hito2/Glide/docking_results/SP/1E9Z-glide-grid_995","docking_pv.maegz",91,"",,,"",,,,,,,,,,,,,,,,,,,,,,,"",,260,830,false,0,2,51139,"W09IXVtOSF1DKD1PKVtDSDJdT2MxW2NIXVtjSF1jKENsKVtjSF1jMUNs","J2VwaWtfcHl0aG9uJywgJy1waHQnLCAnMC4wJywgJy1waCcsICc3LjAnLCAnLXRuJywgJzgnLCAnLW1hJywgJzIwMCcsICctaW1hZScsICc8aW5maWxlLm1hZT4nLCAnLW9tYWUnLCAnPG91dGZpbGUubWFlPic=",1.000,0.0172,0.0000,0.0172,0.0000,0.000,0,0,0,"OPLS3e",11.420,true,"239786.0-1","glide-grid_995",255,5,-3.904,-0.279,-0.672,-1.073,-3.904,-2.067,-0.075,0.000,-1.797,2.239,-6.023,0.927,-0.100,3.833,-3.785,18.745,13,289,0.000,"This compound has a N-S or N-O group and may undergo hydrolysis at high or low pH.",""
,"85518320.0","7640","200_85518320.0.1","2025-11-13 15:23:04","2025-11-13 15:23:04",,,,,,,"",,"","/home/db/Documentos/David_Hito2/Glide/docking_results/SP/1E9Z-glide-grid_995","docking_pv.maegz",92,"",,,"",,,,,,,,,,,,,,,,,,,,,,,"",,200,100000,false,0,2,51139,"Tz1DMU9bQ0gyXUMoW09IXSk9QzFjMltjSF1bY0hdW2NIXVtjSF1jMkNs","J2VwaWtfcHl0aG9uJywgJy1waHQnLCAnMC4wJywgJy1waCcsICc3LjAnLCAnLXRuJywgJzgnLCAnLW1hJywgJzIwMCcsICctaW1hZScsICc8aW5maWxlLm1hZT4nLCAnLW9tYWUnLCAnPG91dGZpbGUubWFlPic=",1.000,0.0006,0.0001,0.0005,0.0000,0.000,-1,1,0,"OPLS3e",6.882,true,"85518320.0-1","glide-grid_995",195,1,-3.900,-0.279,-0.671,-1.072,-3.900,-1.782,0.000,0.000,-1.980,3.099,-3.805,0.378,-0.100,0.239,-0.705,6.571,1,200,0.000,"This compound has an ester and may undergo hydrolysis at high or low pH.",""
,"95562486.0","7641","243_95562486.0.1","2025-11-13 15:23:04","2025-11-13 15:23:04",,,,,,,"",,"","/home/db/Documentos/David_Hito2/Glide/docking_results/SP/1E9Z-glide-grid_995","docking_pv.maegz",93,"",,,"",,,,,,,,,,,,,,,,,,,,,,,"",,243,78500,false,0,2,51139,"W09IXVtOSF1DKD1PKVtDSDJdT2MxW2NIXVtjSF1bY0hdW2NIXWMxQ2w=","J2VwaWtfcHl0aG9uJywgJy1waHQnLCAnMC4wJywgJy1waCcsICc3LjAnLCAnLXRuJywgJzgnLCAnLW1hJywgJzIwMCcsICctaW1hZScsICc8aW5maWxlLm1hZT4nLCAnLW9tYWUnLCAnPG91dGZpbGUubWFlPic=",1.000,0.0172,0.0000,0.0172,0.0000,0.000,0,0,0,"OPLS3e",12.887,true,"95562486.0-1","glide-grid_995",238,5,-3.888,-0.299,-0.703,-1.091,-3.888,-2.165,0.000,0.000,-1.995,-5.421,-3.831,1.209,-0.091,-8.018,-9.252,6.684,13,49,0.000,"This compound has a N-S or N-O group and may undergo hydrolysis at high or low pH.",""
,"22716931.0","7642","296_22716931.0.1","2025-11-13 15:23:04","2025-11-13 15:23:04",,,,,,,"",,"","/home/db/Documentos/David_Hito2/Glide/docking_results/SP/1E9Z-glide-grid_995","docking_pv.maegz",94,"",,,"",,,,,,,,,,,,,,,,,,,,,,,"",,296,4670,false,0,2,51139,"W09IXVtOSF1DKD1PKVtDSDJdW05IXWMxW2NIXVtjSF1bY0hdW2NIXVtjSF0x","J2VwaWtfcHl0aG9uJywgJy1waHQnLCAnMC4wJywgJy1waCcsICc3LjAnLCAnLXRuJywgJzgnLCAnLW1hJywgJzIwMCcsICctaW1hZScsICc8aW5maWxlLm1hZT4nLCAnLW9tYWUnLCAnPG91dGZpbGUubWFlPic=",1.000,0.0037,0.0000,0.0037,0.0000,0.000,0,0,0,"OPLS3e",16.715,true,"22716931.0-1","glide-grid_995",291,5,-3.883,-0.324,-0.741,-1.114,-3.883,-1.693,-0.410,0.000,-2.018,-6.482,-7.186,1.662,-0.021,-17.397,-13.667,2.687,15,328,0.000,"This compound has a N-S or N-O group and may undergo hydrolysis at high or low pH.",""
,"14368879.0","7643","16_14368879.0.1","2025-11-13 15:23:04","2025-11-13 15:23:04",,,,,,,"",,"","/home/db/Documentos/David_Hito2/Glide/docking_results/SP/1E9Z-glide-grid_995","docking_pv.maegz",95,"",,,"",,,,,,,,,,,,,,,,,,,,,,,"",,16,23000,false,0,2,51139,"W0NIM11bQ0gyXVtDSDJdW0NIMl1jMVtjSF1bY0hdYyhbT0hdKWMoW09IXSlbY0hdMQ==","J2VwaWtfcHl0aG9uJywgJy1waHQnLCAnMC4wJywgJy1waCcsICc3LjAnLCAnLXRuJywgJzgnLCAnLW1hJywgJzIwMCcsICctaW1hZScsICc8aW5maWxlLm1hZT4nLCAnLW9tYWUnLCAnPG91dGZpbGUubWFlPic=",1.000,0.0013,0.0000,0.0013,0.0000,0.000,0,0,0,"OPLS3e",10.463,true,"14368879.0-1","glide-grid_995",16,5,-3.880,-0.323,-0.740,-1.113,-3.880,-1.733,0.000,0.000,-2.250,4.996,-8.364,1.107,0.000,-0.617,-3.368,8.225,2,116,0.000,"",""
,"130677882.0","7644","240_130677882.0.1","2025-11-13 15:23:04","2025-11-13 15:23:04",,,,,,,"",,"","/home/db/Documentos/David_Hito2/Glide/docking_results/SP/1E9Z-glide-grid_995","docking_pv.maegz",96,"",,,"",,,,,,,,,,,,,,,,,,,,,,,"",,240,153600,false,0,2,51139,"W0NIM11jMVtjSF1bY0hdW2NIXVtjSF1jMU9bQ0gyXUMoPU8pW05IXVtPSF0=","J2VwaWtfcHl0aG9uJywgJy1waHQnLCAnMC4wJywgJy1waCcsICc3LjAnLCAnLXRuJywgJzgnLCAnLW1hJywgJzIwMCcsICctaW1hZScsICc8aW5maWxlLm1hZT4nLCAnLW9tYWUnLCAnPG91dGZpbGUubWFlPic=",1.000,0.0172,0.0000,0.0172,0.0000,0.000,0,0,0,"OPLS3e",11.281,true,"130677882.0-1","glide-grid_995",235,5,-3.868,-0.298,-0.700,-1.085,-3.868,-2.138,-0.296,0.000,-2.174,-9.217,-4.819,1.924,-0.001,-14.666,-14.036,2.864,6,179,0.000,"This compound has a N-S or N-O group and may undergo hydrolysis at high or low pH.",""
,"145959103.0","7645","276_145959103.0.1","2025-11-13 15:23:04","2025-11-13 15:23:04",,,,,,,"",,"","/home/db/Documentos/David_Hito2/Glide/docking_results/SP/1E9Z-glide-grid_995","docking_pv.maegz",97,"",,,"",,,,,,,,,,,,,,,,,,,,,,,"",,276,1220,false,0,2,51139,"W09IXVtOSF1DKD1PKVtDSDJdW0NIMl1bTkhdYzFbY0hdW2NIXVtjSF1bY0hdW2NIXTE=","J2VwaWtfcHl0aG9uJywgJy1waHQnLCAnMC4wJywgJy1waCcsICc3LjAnLCAnLXRuJywgJzgnLCAnLW1hJywgJzIwMCcsICctaW1hZScsICc8aW5maWxlLm1hZT4nLCAnLW9tYWUnLCAnPG91dGZpbGUubWFlPic=",1.000,0.0040,0.0000,0.0040,0.0000,0.000,0,0,0,"OPLS3e",11.878,true,"145959103.0-1","glide-grid_995",271,6,-3.868,-0.298,-0.700,-1.085,-3.868,-1.686,0.000,0.000,-2.028,-6.325,-10.883,1.941,-0.146,-18.180,-17.209,10.664,23,395,0.000,"This compound has a N-S or N-O group and may undergo hydrolysis at high or low pH.",""
,"145983865.0","7646","230_145983865.0.1","2025-11-13 15:23:04","2025-11-13 15:23:04",,,,,,,"",,"","/home/db/Documentos/David_Hito2/Glide/docking_results/SP/1E9Z-glide-grid_995","docking_pv.maegz",98,"",,,"",,,,,,,,,,,,,,,,,,,,,,,"",,230,144300,false,0,2,51139,"W09IXVtOSF1DKD1PKVtDSDJdT2MxW2NIXVtjSF1bY0hdW2NIXWMxW04rXSg9TylbTy1d","J2VwaWtfcHl0aG9uJywgJy1waHQnLCAnMC4wJywgJy1waCcsICc3LjAnLCAnLXRuJywgJzgnLCAnLW1hJywgJzIwMCcsICctaW1hZScsICc8aW5maWxlLm1hZT4nLCAnLW9tYWUnLCAnPG91dGZpbGUubWFlPic=",1.000,0.0172,0.0000,0.0172,0.0000,0.000,0,2,0,"OPLS3e",16.196,true,"145983865.0-1","glide-grid_995",225,6,-3.868,-0.258,-0.636,-1.043,-3.868,-1.774,-0.304,0.000,-1.962,-2.685,-6.131,1.480,-0.254,-6.332,-8.816,7.443,46,170,0.000,"This compound has a N-S or N-O group and may undergo hydrolysis at high or low pH.",""
,"3657.0","7647","326_3657.0.1","2025-11-13 15:23:04","2025-11-13 15:23:04",,,,,,,"",,"","/home/db/Documentos/David_Hito2/Glide/docking_results/SP/1E9Z-glide-grid_995","docking_pv.maegz",99,"",,,"",,,,,,,,,,,,,,,,,,,,,,,"",,326,88750,false,0,2,51139,"W05IMl1DKD1PKVtOSF1bT0hd","J2VwaWtfcHl0aG9uJywgJy1waHQnLCAnMC4wJywgJy1waCcsICc3LjAnLCAnLXRuJywgJzgnLCAnLW1hJywgJzIwMCcsICctaW1hZScsICc8aW5maWxlLm1hZT4nLCAnLW9tYWUnLCAnPG91dGZpbGUubWFlPic=",1.000,0.0115,0.0000,0.0115,0.0000,0.000,0,0,0,"OPLS3e",-0.160,true,"3657.0-1","glide-grid_995",301,2,-3.866,-0.773,-1.322,-1.482,-3.866,0.000,-0.160,0.000,-2.250,-5.363,-6.883,0.000,-0.156,-18.903,-12.246,0.058,1,155,0.000,"This compound has a N-S or N-O group and may undergo hydrolysis at high or low pH.",""
,"72707601.0","7648","75_72707601.0.1","2025-11-13 15:23:04","2025-11-13 15:23:04",,,,,,,"",,"","/home/db/Documentos/David_Hito2/Glide/docking_results/SP/1E9Z-glide-grid_995","docking_pv.maegz",100,"",,,"",,,,,,,,,,,,,,,,,,,,,,,"",,75,131000,true,0,2,51139,"W09IXVtOSF1DKD1PKVtDSDJdW0NAQEhdKFtPSF0pYzFbY0hdW2NIXVtjSF1jKFtPSF0pW2NIXTE=","J2VwaWtfcHl0aG9uJywgJy1waHQnLCAnMC4wJywgJy1waCcsICc3LjAnLCAnLXRuJywgJzgnLCAnLW1hJywgJzIwMCcsICctaW1hZScsICc8aW5maWxlLm1hZT4nLCAnLW9tYWUnLCAnPG91dGZpbGUubWFlPic=",1.000,0.0083,0.0000,0.0083,0.0000,0.000,0,0,0,"OPLS3e",8.591,true,"72707601.0-1","glide-grid_995",75,7,-3.851,-0.275,-0.663,-1.058,-3.851,-1.406,-0.320,0.000,-2.065,12.095,-15.229,1.672,-0.054,-0.342,-3.134,6.869,24,111,0.000,"This compound has a N-S or N-O group and may undergo hydrolysis at high or low pH.",""
,"72707603.0","7649","71_72707603.0.1","2025-11-13 15:23:04","2025-11-13 15:23:04",,,,,,,"",,"","/home/db/Documentos/David_Hito2/Glide/docking_results/SP/1E9Z-glide-grid_995","docking_pv.maegz",101,"",,,"",,,,,,,,,,,,,,,,,,,,,,,"",,71,8645,true,0,2,51139,"W09IXVtOSF1DKD1PKVtDSDJdW0NAQEhdKFtPSF0pYzFbY0hdW2NIXVtjSF1jKEYpW2NIXTE=","J2VwaWtfcHl0aG9uJywgJy1waHQnLCAnMC4wJywgJy1waCcsICc3LjAnLCAnLXRuJywgJzgnLCAnLW1hJywgJzIwMCcsICctaW1hZScsICc8aW5maWxlLm1hZT4nLCAnLW9tYWUnLCAnPG91dGZpbGUubWFlPic=",1.000,0.0062,0.0000,0.0062,0.0000,0.000,0,0,0,"OPLS3e",8.023,true,"72707603.0-1","glide-grid_995",71,6,-3.849,-0.275,-0.663,-1.058,-3.849,-1.837,0.000,0.000,-2.047,-6.656,-5.125,1.233,-0.098,-9.166,-11.780,6.144,5,155,0.000,"This compound has a N-S or N-O group and may undergo hydrolysis at high or low pH.",""
,"22716931.0","7650","296_22716931.0.1","2025-11-13 15:23:04","2025-11-13 15:23:04",,,,,,,"",,"","/home/db/Documentos/David_Hito2/Glide/docking_results/SP/1E9Z-glide-grid_995","docking_pv.maegz",102,"",,,"",,,,,,,,,,,,,,,,,,,,,,,"",,296,4670,false,0,2,51139,"W09IXVtOSF1DKD1PKVtDSDJdW05IXWMxW2NIXVtjSF1bY0hdW2NIXVtjSF0x","J2VwaWtfcHl0aG9uJywgJy1waHQnLCAnMC4wJywgJy1waCcsICc3LjAnLCAnLXRuJywgJzgnLCAnLW1hJywgJzIwMCcsICctaW1hZScsICc8aW5maWxlLm1hZT4nLCAnLW9tYWUnLCAnPG91dGZpbGUubWFlPic=",1.000,0.0037,0.0000,0.0037,0.0000,0.000,0,0,0,"OPLS3e",16.715,true,"22716931.0-1","glide-grid_995",291,5,-3.844,-0.320,-0.733,-1.103,-3.844,-2.040,-0.201,0.000,-1.051,-4.777,-12.146,1.662,-0.153,-14.518,-16.923,9.312,2,281,0.000,"This compound has a N-S or N-O group and may undergo hydrolysis at high or low pH.",""
,"145956007.0","7651","293_145956007.0.1","2025-11-13 15:23:04","2025-11-13 15:23:04",,,,,,,"",,"","/home/db/Documentos/David_Hito2/Glide/docking_results/SP/1E9Z-glide-grid_995","docking_pv.maegz",103,"",,,"",,,,,,,,,,,,,,,,,,,,,,,"",,293,1520,false,0,2,51139,"W09IXVtOSF1DKD1PKVtDSDJdW0NIMl1bTkhdYzFbY0hdYyhGKVtjSF1jKEYpW2NIXTE=","J2VwaWtfcHl0aG9uJywgJy1waHQnLCAnMC4wJywgJy1waCcsICc3LjAnLCAnLXRuJywgJzgnLCAnLW1hJywgJzIwMCcsICctaW1hZScsICc8aW5maWxlLm1hZT4nLCAnLW9tYWUnLCAnPG91dGZpbGUubWFlPic=",1.000,0.0035,0.0000,0.0035,0.0000,0.000,0,0,0,"OPLS3e",13.259,true,"145956007.0-1","glide-grid_995",288,6,-3.841,-0.256,-0.631,-1.036,-3.841,-1.675,0.000,0.000,-1.835,6.249,-12.550,1.434,-0.194,2.050,-6.301,17.620,23,212,0.000,"This compound has a N-S or N-O group and may undergo hydrolysis at high or low pH.",""
,"155546187.0","7652","87_155546187.0.1","2025-11-13 15:23:04","2025-11-13 15:23:04",,,,,,,"",,"","/home/db/Documentos/David_Hito2/Glide/docking_results/SP/1E9Z-glide-grid_995","docking_pv.maegz",104,"",,,"",,,,,,,,,,,,,,,,,,,,,,,"",,87,90400,true,0,2,51139,"W0NIM11OKFtPSF0pQyg9TylbQ0gyXVtDQEBIXShbT0hdKWMxW2NIXVtjSF1jKENsKWMoQ2wpW2NIXTE=","J2VwaWtfcHl0aG9uJywgJy1waHQnLCAnMC4wJywgJy1waCcsICc3LjAnLCAnLXRuJywgJzgnLCAnLW1hJywgJzIwMCcsICctaW1hZScsICc8aW5maWxlLm1hZT4nLCAnLW9tYWUnLCAnPG91dGZpbGUubWFlPic=",1.000,0.0063,0.0000,0.0063,0.0000,0.000,0,0,0,"OPLS3e",15.875,true,"155546187.0-1","glide-grid_995",87,6,-3.840,-0.240,-0.605,-1.018,-3.840,-1.853,0.000,0.000,-1.478,3.483,-8.612,0.764,-0.155,-6.431,-5.130,7.455,8,368,0.000,"This compound has a N-S or N-O group and may undergo hydrolysis at high or low pH.",""
,"3252458.0","7653","242_3252458.0.1","2025-11-13 15:23:04","2025-11-13 15:23:04",,,,,,,"",,"","/home/db/Documentos/David_Hito2/Glide/docking_results/SP/1E9Z-glide-grid_995","docking_pv.maegz",105,"",,,"",,,,,,,,,,,,,,,,,,,,,,,"",,242,131200,false,0,2,51139,"W09IXVtOSF1DKD1PKVtDSDJdT2MxW2NIXVtjSF1bY0hdW2NIXVtjSF0x","J2VwaWtfcHl0aG9uJywgJy1waHQnLCAnMC4wJywgJy1waCcsICc3LjAnLCAnLXRuJywgJzgnLCAnLW1hJywgJzIwMCcsICctaW1hZScsICc8aW5maWxlLm1hZT4nLCAnLW9tYWUnLCAnPG91dGZpbGUubWFlPic=",1.000,0.0172,0.0000,0.0172,0.0000,0.000,0,0,0,"OPLS3e",16.996,true,"3252458.0-1","glide-grid_995",237,5,-3.838,-0.320,-0.732,-1.101,-3.838,-1.854,-0.305,0.000,-2.008,-11.111,-5.056,1.646,-0.003,-18.734,-16.167,4.100,6,351,0.000,"This compound has a N-S or N-O group and may undergo hydrolysis at high or low pH.",""
,"155535566.0","7654","79_155535566.0.1","2025-11-13 15:23:04","2025-11-13 15:23:04",,,,,,,"",,"","/home/db/Documentos/David_Hito2/Glide/docking_results/SP/1E9Z-glide-grid_995","docking_pv.maegz",106,"",,,"",,,,,,,,,,,,,,,,,,,,,,,"",,79,367000,true,0,2,51139,"W0NIM11OKFtPSF0pQyg9TylbQ0gyXVtDQEBIXShbT0hdKWMxW2NIXVtjSF1jKENsKVtjSF1jMUNs","J2VwaWtfcHl0aG9uJywgJy1waHQnLCAnMC4wJywgJy1waCcsICc3LjAnLCAnLXRuJywgJzgnLCAnLW1hJywgJzIwMCcsICctaW1hZScsICc8aW5maWxlLm1hZT4nLCAnLW9tYWUnLCAnPG91dGZpbGUubWFlPic=",1.000,0.0063,0.0000,0.0063,0.0000,0.000,0,0,0,"OPLS3e",12.734,true,"155535566.0-1","glide-grid_995",79,6,-3.838,-0.240,-0.604,-1.017,-3.838,-1.656,0.000,0.000,-1.464,10.904,-12.367,0.764,-0.172,-6.481,-1.463,13.053,5,51,0.000,"This compound has a N-S or N-O group and may undergo hydrolysis at high or low pH.",""
,"46769546.0","7655","291_46769546.0.1","2025-11-13 15:23:04","2025-11-13 15:23:04",,,,,,,"",,"","/home/db/Documentos/David_Hito2/Glide/docking_results/SP/1E9Z-glide-grid_995","docking_pv.maegz",107,"",,,"",,,,,,,,,,,,,,,,,,,,,,,"",,291,2470,false,0,2,51139,"W09IXVtOSF1DKD1PKVtDSDJdW05IXWMxW2NIXVtjSF1jKENsKVtjSF1bY0hdMQ==","J2VwaWtfcHl0aG9uJywgJy1waHQnLCAnMC4wJywgJy1waCcsICc3LjAnLCAnLXRuJywgJzgnLCAnLW1hJywgJzIwMCcsICctaW1hZScsICc8aW5maWxlLm1hZT4nLCAnLW9tYWUnLCAnPG91dGZpbGUubWFlPic=",1.000,0.0036,0.0000,0.0036,0.0000,0.000,0,0,0,"OPLS3e",15.382,true,"46769546.0-1","glide-grid_995",286,5,-3.827,-0.294,-0.692,-1.073,-3.827,-1.952,-0.306,0.000,-1.963,-6.794,-3.200,1.219,-0.005,-7.198,-9.993,7.026,16,31,0.000,"This compound has a N-S or N-O group and may undergo hydrolysis at high or low pH.",""
,"145983865.0","7656","230_145983865.0.1","2025-11-13 15:23:04","2025-11-13 15:23:04",,,,,,,"",,"","/home/db/Documentos/David_Hito2/Glide/docking_results/SP/1E9Z-glide-grid_995","docking_pv.maegz",108,"",,,"",,,,,,,,,,,,,,,,,,,,,,,"",,230,144300,false,0,2,51139,"W09IXVtOSF1DKD1PKVtDSDJdT2MxW2NIXVtjSF1bY0hdW2NIXWMxW04rXSg9TylbTy1d","J2VwaWtfcHl0aG9uJywgJy1waHQnLCAnMC4wJywgJy1waCcsICc3LjAnLCAnLXRuJywgJzgnLCAnLW1hJywgJzIwMCcsICctaW1hZScsICc8aW5maWxlLm1hZT4nLCAnLW9tYWUnLCAnPG91dGZpbGUubWFlPic=",1.000,0.0172,0.0000,0.0172,0.0000,0.000,0,2,0,"OPLS3e",16.196,true,"145983865.0-1","glide-grid_995",225,6,-3.792,-0.253,-0.624,-1.023,-3.792,-1.762,-0.305,0.000,-1.963,-1.445,-6.069,1.480,-0.260,-6.446,-7.514,4.566,46,64,0.000,"This compound has a N-S or N-O group and may undergo hydrolysis at high or low pH.",""
,"3598816.0","7657","262_3598816.0.1","2025-11-13 15:23:04","2025-11-13 15:23:04",,,,,,,"",,"","/home/db/Documentos/David_Hito2/Glide/docking_results/SP/1E9Z-glide-grid_995","docking_pv.maegz",109,"",,,"",,,,,,,,,,,,,,,,,,,,,,,"",,262,5350,false,0,2,51139,"W09IXVtOSF1DKD1PKVtDSDJdT2MxW2NIXVtjSF1jKEJyKVtjSF1bY0hdMQ==","J2VwaWtfcHl0aG9uJywgJy1waHQnLCAnMC4wJywgJy1waCcsICc3LjAnLCAnLXRuJywgJzgnLCAnLW1hJywgJzIwMCcsICctaW1hZScsICc8aW5maWxlLm1hZT4nLCAnLW9tYWUnLCAnPG91dGZpbGUubWFlPic=",1.000,0.0172,0.0000,0.0172,0.0000,0.000,0,0,0,"OPLS3e",10.724,true,"3598816.0-1","glide-grid_995",257,5,-3.789,-0.291,-0.685,-1.063,-3.789,-1.842,0.000,0.000,-1.421,6.254,-10.284,0.863,-0.160,-0.766,-4.031,10.718,5,203,0.000,"This compound has a N-S or N-O group and may undergo hydrolysis at high or low pH.",""
,"155557124.0","7658","91_155557124.0.1","2025-11-13 15:23:04","2025-11-13 15:23:04",,,,,,,"",,"","/home/db/Documentos/David_Hito2/Glide/docking_results/SP/1E9Z-glide-grid_995","docking_pv.maegz",110,"",,,"",,,,,,,,,,,,,,,,,,,,,,,"",,91,56600,true,0,2,51139,"W0NIM11OKFtPSF0pQyg9TylbQ0gyXVtDQEBIXShbT0hdKWMxW2NIXVtjSF1bY0hdW2NIXWMxQ2w=","J2VwaWtfcHl0aG9uJywgJy1waHQnLCAnMC4wJywgJy1waCcsICc3LjAnLCAnLXRuJywgJzgnLCAnLW1hJywgJzIwMCcsICctaW1hZScsICc8aW5maWxlLm1hZT4nLCAnLW9tYWUnLCAnPG91dGZpbGUubWFlPic=",1.000,0.0063,0.0000,0.0063,0.0000,0.000,0,0,0,"OPLS3e",14.095,true,"155557124.0-1","glide-grid_995",91,6,-3.782,-0.252,-0.622,-1.020,-3.782,-1.863,0.000,0.000,-0.942,6.334,-14.041,0.971,-0.159,-0.876,-7.707,15.826,12,217,0.000,"This compound has a N-S or N-O group and may undergo hydrolysis at high or low pH.",""
,"95562486.0","7659","243_95562486.0.1","2025-11-13 15:23:04","2025-11-13 15:23:04",,,,,,,"",,"","/home/db/Documentos/David_Hito2/Glide/docking_results/SP/1E9Z-glide-grid_995","docking_pv.maegz",111,"",,,"",,,,,,,,,,,,,,,,,,,,,,,"",,243,78500,false,0,2,51139,"W09IXVtOSF1DKD1PKVtDSDJdT2MxW2NIXVtjSF1bY0hdW2NIXWMxQ2w=","J2VwaWtfcHl0aG9uJywgJy1waHQnLCAnMC4wJywgJy1waCcsICc3LjAnLCAnLXRuJywgJzgnLCAnLW1hJywgJzIwMCcsICctaW1hZScsICc8aW5maWxlLm1hZT4nLCAnLW9tYWUnLCAnPG91dGZpbGUubWFlPic=",1.000,0.0172,0.0000,0.0172,0.0000,0.000,0,0,0,"OPLS3e",12.887,true,"95562486.0-1","glide-grid_995",238,5,-3.774,-0.290,-0.683,-1.059,-3.774,-2.141,0.000,0.000,-1.903,-6.845,-3.573,1.209,-0.061,-9.134,-10.418,6.129,6,195,0.000,"This compound has a N-S or N-O group and may undergo hydrolysis at high or low pH.",""
,"130006294.0","7660","283_130006294.0.1","2025-11-13 15:23:04","2025-11-13 15:23:04",,,,,,,"",,"","/home/db/Documentos/David_Hito2/Glide/docking_results/SP/1E9Z-glide-grid_995","docking_pv.maegz",112,"",,,"",,,,,,,,,,,,,,,,,,,,,,,"",,283,58900,false,0,2,51139,"W09IXVtOSF1DKD1PKVtDSDJdW05IXWMxW2NIXVtjSF1bY0hdW2NIXWMxQ2w=","J2VwaWtfcHl0aG9uJywgJy1waHQnLCAnMC4wJywgJy1waCcsICc3LjAnLCAnLXRuJywgJzgnLCAnLW1hJywgJzIwMCcsICctaW1hZScsICc8aW5maWxlLm1hZT4nLCAnLW9tYWUnLCAnPG91dGZpbGUubWFlPic=",1.000,0.0036,0.0000,0.0036,0.0000,0.000,0,0,0,"OPLS3e",20.874,true,"130006294.0-1","glide-grid_995",278,5,-3.772,-0.290,-0.682,-1.058,-3.772,-1.449,-0.320,0.000,-2.041,-1.527,-7.217,1.219,-0.021,-6.889,-8.744,4.665,15,120,0.000,"This compound has a N-S or N-O group and may undergo hydrolysis at high or low pH.",""
,"22716931.0","7661","296_22716931.0.1","2025-11-13 15:23:04","2025-11-13 15:23:04",,,,,,,"",,"","/home/db/Documentos/David_Hito2/Glide/docking_results/SP/1E9Z-glide-grid_995","docking_pv.maegz",113,"",,,"",,,,,,,,,,,,,,,,,,,,,,,"",,296,4670,false,0,2,51139,"W09IXVtOSF1DKD1PKVtDSDJdW05IXWMxW2NIXVtjSF1bY0hdW2NIXVtjSF0x","J2VwaWtfcHl0aG9uJywgJy1waHQnLCAnMC4wJywgJy1waCcsICc3LjAnLCAnLXRuJywgJzgnLCAnLW1hJywgJzIwMCcsICctaW1hZScsICc8aW5maWxlLm1hZT4nLCAnLW9tYWUnLCAnPG91dGZpbGUubWFlPic=",1.000,0.0037,0.0000,0.0037,0.0000,0.000,0,0,0,"OPLS3e",16.715,true,"22716931.0-1","glide-grid_995",291,5,-3.767,-0.314,-0.719,-1.081,-3.767,-1.783,-0.117,0.000,-2.246,1.020,-8.433,1.662,-0.069,-8.416,-7.413,9.097,9,277,0.000,"This compound has a N-S or N-O group and may undergo hydrolysis at high or low pH.",""
,"238945.0","7662","9_238945.0.1","2025-11-13 15:23:04","2025-11-13 15:23:04",,,,,,,"",,"","/home/db/Documentos/David_Hito2/Glide/docking_results/SP/1E9Z-glide-grid_995","docking_pv.maegz",114,"",,,"",,,,,,,,,,,,,,,,,,,,,,,"",,9,79000,false,0,2,51139,"W0NIM11bQ0gyXVtDSDJdW0NIMl1jMVtjSF1bY0hdYyhbT0hdKWMoW09IXSljMVtPSF0=","J2VwaWtfcHl0aG9uJywgJy1waHQnLCAnMC4wJywgJy1waCcsICc3LjAnLCAnLXRuJywgJzgnLCAnLW1hJywgJzIwMCcsICctaW1hZScsICc8aW5maWxlLm1hZT4nLCAnLW9tYWUnLCAnPG91dGZpbGUubWFlPic=",1.000,0.0029,0.0000,0.0029,0.0000,0.000,0,0,0,"OPLS3e",12.170,true,"238945.0-1","glide-grid_995",9,6,-3.752,-0.289,-0.679,-1.052,-3.752,-1.780,0.000,0.000,-2.167,7.333,-7.500,0.953,0.000,2.898,-0.167,7.805,2,235,0.000,"",""
,"44543377.0","7663","331_44543377.0.1","2025-11-13 15:23:04","2025-11-13 15:23:04",,,,,,,"",,"","/home/db/Documentos/David_Hito2/Glide/docking_results/SP/1E9Z-glide-grid_995","docking_pv.maegz",115,"",,,"",,,,,,,,,,,,,,,,,,,,,,,"",,331,17850,false,0,2,51139,"Tz1QKFtPSF0pKFtPSF0pW0NIMl1bQ0gyXWMxW2NIXVtjSF1jKFtPSF0pYyhbT0hdKVtjSF0x","J2VwaWtfcHl0aG9uJywgJy1waHQnLCAnMC4wJywgJy1waCcsICc3LjAnLCAnLXRuJywgJzgnLCAnLW1hJywgJzIwMCcsICctaW1hZScsICc8aW5maWxlLm1hZT4nLCAnLW9tYWUnLCAnPG91dGZpbGUubWFlPic=",1.000,0.1007,0.0000,0.1007,0.0892,0.089,-1,1,0,"OPLS3e",0.477,true,"44543377.0-1","glide-grid_995",304,6,-3.752,-0.268,-0.646,-1.031,-3.841,-1.314,0.000,0.000,-2.079,5.689,-12.000,1.067,0.000,-1.830,-6.311,9.730,15,274,0.089,"",""
,"21935074.0","7664","248_21935074.0.1","2025-11-13 15:23:04","2025-11-13 15:23:04",,,,,,,"",,"","/home/db/Documentos/David_Hito2/Glide/docking_results/SP/1E9Z-glide-grid_995","docking_pv.maegz",116,"",,,"",,,,,,,,,,,,,,,,,,,,,,,"",,248,4180,false,0,2,51139,"W09IXVtOSF1DKD1PKVtDSDJdW0NIMl1PYzFbY0hdW2NIXVtjSF1bY0hdW2NIXTE=","J2VwaWtfcHl0aG9uJywgJy1waHQnLCAnMC4wJywgJy1waCcsICc3LjAnLCAnLXRuJywgJzgnLCAnLW1hJywgJzIwMCcsICctaW1hZScsICc8aW5maWxlLm1hZT4nLCAnLW9tYWUnLCAnPG91dGZpbGUubWFlPic=",1.000,0.0070,0.0000,0.0070,0.0000,0.000,0,0,0,"OPLS3e",10.224,true,"21935074.0-1","glide-grid_995",243,6,-3.722,-0.286,-0.673,-1.044,-3.722,-1.704,0.000,0.000,-2.150,11.585,-14.640,1.924,-0.175,-3.707,-3.055,8.001,36,305,0.000,"This compound has a N-S or N-O group and may undergo hydrolysis at high or low pH.",""
,"72707601.0","7665","75_72707601.0.1","2025-11-13 15:23:04","2025-11-13 15:23:04",,,,,,,"",,"","/home/db/Documentos/David_Hito2/Glide/docking_results/SP/1E9Z-glide-grid_995","docking_pv.maegz",117,"",,,"",,,,,,,,,,,,,,,,,,,,,,,"",,75,131000,true,0,2,51139,"W09IXVtOSF1DKD1PKVtDSDJdW0NAQEhdKFtPSF0pYzFbY0hdW2NIXVtjSF1jKFtPSF0pW2NIXTE=","J2VwaWtfcHl0aG9uJywgJy1waHQnLCAnMC4wJywgJy1waCcsICc3LjAnLCAnLXRuJywgJzgnLCAnLW1hJywgJzIwMCcsICctaW1hZScsICc8aW5maWxlLm1hZT4nLCAnLW9tYWUnLCAnPG91dGZpbGUubWFlPic=",1.000,0.0083,0.0000,0.0083,0.0000,0.000,0,0,0,"OPLS3e",8.591,true,"72707601.0-1","glide-grid_995",75,7,-3.719,-0.266,-0.640,-1.022,-3.719,-1.836,0.000,0.000,-1.986,-3.937,-8.510,1.672,-0.096,-9.383,-12.448,6.920,13,186,0.000,"This compound has a N-S or N-O group and may undergo hydrolysis at high or low pH.",""
,"24990996.0","7666","253_24990996.0.1","2025-11-13 15:23:04","2025-11-13 15:23:04",,,,,,,"",,"","/home/db/Documentos/David_Hito2/Glide/docking_results/SP/1E9Z-glide-grid_995","docking_pv.maegz",118,"",,,"",,,,,,,,,,,,,,,,,,,,,,,"",,253,18900,false,0,2,51139,"W09IXVtOSF1DKD1PKVtDSDJdT2MxW2NIXVtjSF1jKEYpW2NIXVtjSF0x","J2VwaWtfcHl0aG9uJywgJy1waHQnLCAnMC4wJywgJy1waCcsICc3LjAnLCAnLXRuJywgJzgnLCAnLW1hJywgJzIwMCcsICctaW1hZScsICc8aW5maWxlLm1hZT4nLCAnLW9tYWUnLCAnPG91dGZpbGUubWFlPic=",1.000,0.0172,0.0000,0.0172,0.0000,0.000,0,0,0,"OPLS3e",15.782,true,"24990996.0-1","glide-grid_995",248,5,-3.718,-0.286,-0.672,-1.043,-3.718,-1.982,0.000,0.000,-1.970,-2.903,-6.003,1.392,-0.112,-10.871,-8.906,4.411,4,26,0.000,"This compound has a N-S or N-O group and may undergo hydrolysis at high or low pH.",""
,"72707602.0","7667","69_72707602.0.1","2025-11-13 15:23:04","2025-11-13 15:23:04",,,,,,,"",,"","/home/db/Documentos/David_Hito2/Glide/docking_results/SP/1E9Z-glide-grid_995","docking_pv.maegz",119,"",,,"",,,,,,,,,,,,,,,,,,,,,,,"",,69,23200,true,0,2,51139,"W0NIM11PYzFbY0hdW2NIXVtjSF1jKFtjSF0xKVtDQEBIXShbT0hdKVtDSDJdQyg9TylbTkhdW09IXQ==","J2VwaWtfcHl0aG9uJywgJy1waHQnLCAnMC4wJywgJy1waCcsICc3LjAnLCAnLXRuJywgJzgnLCAnLW1hJywgJzIwMCcsICctaW1hZScsICc8aW5maWxlLm1hZT4nLCAnLW9tYWUnLCAnPG91dGZpbGUubWFlPic=",1.000,0.0062,0.0000,0.0062,0.0000,0.000,0,0,0,"OPLS3e",12.577,true,"72707602.0-1","glide-grid_995",69,7,-3.718,-0.248,-0.611,-1.003,-3.718,-2.286,-0.304,0.000,-1.969,3.514,-5.386,1.491,-0.017,-1.756,-1.873,8.418,14,146,0.000,"This compound has a N-S or N-O group and may undergo hydrolysis at high or low pH.",""
,"145950151.0","7668","294_145950151.0.1","2025-11-13 15:23:04","2025-11-13 15:23:04",,,,,,,"",,"","/home/db/Documentos/David_Hito2/Glide/docking_results/SP/1E9Z-glide-grid_995","docking_pv.maegz",120,"",,,"",,,,,,,,,,,,,,,,,,,,,,,"",,294,24480,false,0,2,51139,"W09IXVtOSF1DKD1PKVtDSDJdW05IXWMxW2NIXVtjSF1bY0hdYyhCcilbY0hdMQ==","J2VwaWtfcHl0aG9uJywgJy1waHQnLCAnMC4wJywgJy1waCcsICc3LjAnLCAnLXRuJywgJzgnLCAnLW1hJywgJzIwMCcsICctaW1hZScsICc8aW5maWxlLm1hZT4nLCAnLW9tYWUnLCAnPG91dGZpbGUubWFlPic=",1.000,0.0036,0.0000,0.0036,0.0000,0.000,0,0,0,"OPLS3e",17.492,true,"145950151.0-1","glide-grid_995",289,5,-3.718,-0.286,-0.672,-1.043,-3.718,-1.933,-0.019,0.000,-1.825,-2.925,-4.427,0.869,0.000,-2.576,-7.352,10.216,9,234,0.000,"This compound has a N-S or N-O group and may undergo hydrolysis at high or low pH.",""
,"72707668.0","7669","61_72707668.0.1","2025-11-13 15:23:04","2025-11-13 15:23:04",,,,,,,"",,"","/home/db/Documentos/David_Hito2/Glide/docking_results/SP/1E9Z-glide-grid_995","docking_pv.maegz",121,"",,,"",,,,,,,,,,,,,,,,,,,,,,,"",,61,8010,true,0,2,51139,"W09IXVtOSF1DKD1PKVtDSDJdW0NAQEhdKFtPSF0pYzFbY0hdW2NIXWMoRilbY0hdW2NIXTE=","J2VwaWtfcHl0aG9uJywgJy1waHQnLCAnMC4wJywgJy1waCcsICc3LjAnLCAnLXRuJywgJzgnLCAnLW1hJywgJzIwMCcsICctaW1hZScsICc8aW5maWxlLm1hZT4nLCAnLW9tYWUnLCAnPG91dGZpbGUubWFlPic=",1.000,0.0062,0.0000,0.0062,0.0000,0.000,0,0,0,"OPLS3e",5.746,true,"72707668.0-1","glide-grid_995",61,6,-3.716,-0.265,-0.640,-1.021,-3.716,-1.872,0.000,0.000,-1.843,-3.640,-6.110,1.233,-0.137,-8.648,-9.750,5.181,3,127,0.000,"This compound has a N-S or N-O group and may undergo hydrolysis at high or low pH.",""
,"72707672.0","7670","59_72707672.0.1","2025-11-13 15:23:04","2025-11-13 15:23:04",,,,,,,"",,"","/home/db/Documentos/David_Hito2/Glide/docking_results/SP/1E9Z-glide-grid_995","docking_pv.maegz",122,"",,,"",,,,,,,,,,,,,,,,,,,,,,,"",,59,895,true,0,2,51139,"W09IXVtOSF1DKD1PKVtDSDJdW0NAQEhdKFtPSF0pYzFbY0hdW2NIXWMoQ2wpYyhDbClbY0hdMQ==","J2VwaWtfcHl0aG9uJywgJy1waHQnLCAnMC4wJywgJy1waCcsICc3LjAnLCAnLXRuJywgJzgnLCAnLW1hJywgJzIwMCcsICctaW1hZScsICc8aW5maWxlLm1hZT4nLCAnLW9tYWUnLCAnPG91dGZpbGUubWFlPic=",1.000,0.0062,0.0000,0.0062,0.0000,0.000,0,0,0,"OPLS3e",8.499,true,"72707672.0-1","glide-grid_995",59,6,-3.715,-0.248,-0.611,-1.002,-3.715,-1.872,0.000,0.000,-1.684,-2.144,-5.466,0.840,-0.072,-10.047,-7.610,6.411,5,292,0.000,"This compound has a N-S or N-O group and may undergo hydrolysis at high or low pH.",""
,"71721720.0","7671","66_71721720.0.1","2025-11-13 15:23:04","2025-11-13 15:23:04",,,,,,,"",,"","/home/db/Documentos/David_Hito2/Glide/docking_results/SP/1E9Z-glide-grid_995","docking_pv.maegz",123,"",,,"",,,,,,,,,,,,,,,,,,,,,,,"",,66,15600,true,0,2,51139,"W09IXVtOSF1DKD1PKVtDSDJdW0NAQEhdKFtPSF0pYzFbY0hdW2NIXVtjSF1bY0hdW2NIXTE=","J2VwaWtfcHl0aG9uJywgJy1waHQnLCAnMC4wJywgJy1waCcsICc3LjAnLCAnLXRuJywgJzgnLCAnLW1hJywgJzIwMCcsICctaW1hZScsICc8aW5maWxlLm1hZT4nLCAnLW9tYWUnLCAnPG91dGZpbGUubWFlPic=",1.000,0.0062,0.0000,0.0062,0.0000,0.000,0,0,0,"OPLS3e",7.375,true,"71721720.0-1","glide-grid_995",66,6,-3.712,-0.286,-0.671,-1.041,-3.712,-1.832,0.000,0.000,-1.978,-6.328,-6.144,1.443,-0.107,-11.009,-12.472,8.170,3,388,0.000,"This compound has a N-S or N-O group and may undergo hydrolysis at high or low pH.",""
,"145974348.0","7672","270_145974348.0.1","2025-11-13 15:23:04","2025-11-13 15:23:04",,,,,,,"",,"","/home/db/Documentos/David_Hito2/Glide/docking_results/SP/1E9Z-glide-grid_995","docking_pv.maegz",124,"",,,"",,,,,,,,,,,,,,,,,,,,,,,"",,270,8515,false,0,2,51139,"W09IXVtOSF1DKD1PKVtDSDJdW05IXWMxW2NIXWMoQ2wpW2NIXWMoQ2wpW2NIXTE=","J2VwaWtfcHl0aG9uJywgJy1waHQnLCAnMC4wJywgJy1waCcsICc3LjAnLCAnLXRuJywgJzgnLCAnLW1hJywgJzIwMCcsICctaW1hZScsICc8aW5maWxlLm1hZT4nLCAnLW9tYWUnLCAnPG91dGZpbGUubWFlPic=",1.000,0.0036,0.0000,0.0036,0.0000,0.000,0,0,0,"OPLS3e",15.651,true,"145974348.0-1","glide-grid_995",265,5,-3.707,-0.265,-0.638,-1.019,-3.707,-2.069,-0.216,0.000,-1.443,-6.302,-3.836,0.933,-0.022,-13.481,-10.139,7.304,10,13,0.000,"This compound has a N-S or N-O group and may undergo hydrolysis at high or low pH.",""
,"145982738.0","7673","261_145982738.0.1","2025-11-13 15:23:04","2025-11-13 15:23:04",,,,,,,"",,"","/home/db/Documentos/David_Hito2/Glide/docking_results/SP/1E9Z-glide-grid_995","docking_pv.maegz",125,"",,,"",,,,,,,,,,,,,,,,,,,,,,,"",,261,178700,false,0,2,51139,"W09IXVtOSF1DKD1PKVtDSDJdT2MxW2NIXVtjSF1bY0hdYyhDbCljMUNs","J2VwaWtfcHl0aG9uJywgJy1waHQnLCAnMC4wJywgJy1waCcsICc3LjAnLCAnLXRuJywgJzgnLCAnLW1hJywgJzIwMCcsICctaW1hZScsICc8aW5maWxlLm1hZT4nLCAnLW9tYWUnLCAnPG91dGZpbGUubWFlPic=",1.000,0.0172,0.0000,0.0172,0.0000,0.000,0,0,0,"OPLS3e",13.564,true,"145982738.0-1","glide-grid_995",256,5,-3.706,-0.265,-0.638,-1.018,-3.706,-1.837,0.000,0.000,-1.785,-9.160,-3.083,0.927,-0.090,-9.812,-12.243,8.264,13,199,0.000,"This compound has a N-S or N-O group and may undergo hydrolysis at high or low pH.",""
,"130723063.0","7674","241_130723063.0.1","2025-11-13 15:23:04","2025-11-13 15:23:04",,,,,,,"",,"","/home/db/Documentos/David_Hito2/Glide/docking_results/SP/1E9Z-glide-grid_995","docking_pv.maegz",126,"",,,"",,,,,,,,,,,,,,,,,,,,,,,"",,241,121500,false,0,2,51139,"W09IXVtOSF1DKD1PKVtDSDJdT2MxW2NIXVtjSF1bY0hdW2NIXWMxRg==","J2VwaWtfcHl0aG9uJywgJy1waHQnLCAnMC4wJywgJy1waCcsICc3LjAnLCAnLXRuJywgJzgnLCAnLW1hJywgJzIwMCcsICctaW1hZScsICc8aW5maWxlLm1hZT4nLCAnLW9tYWUnLCAnPG91dGZpbGUubWFlPic=",1.000,0.0172,0.0000,0.0172,0.0000,0.000,0,0,0,"OPLS3e",13.476,true,"130723063.0-1","glide-grid_995",236,5,-3.703,-0.285,-0.670,-1.039,-3.703,-1.851,0.000,0.000,-2.142,5.221,-8.124,1.392,-0.144,0.912,-2.904,8.307,4,24,0.000,"This compound has a N-S or N-O group and may undergo hydrolysis at high or low pH.",""
,"145950151.0","7675","294_145950151.0.1","2025-11-13 15:23:04","2025-11-13 15:23:04",,,,,,,"",,"","/home/db/Documentos/David_Hito2/Glide/docking_results/SP/1E9Z-glide-grid_995","docking_pv.maegz",127,"",,,"",,,,,,,,,,,,,,,,,,,,,,,"",,294,24480,false,0,2,51139,"W09IXVtOSF1DKD1PKVtDSDJdW05IXWMxW2NIXVtjSF1bY0hdYyhCcilbY0hdMQ==","J2VwaWtfcHl0aG9uJywgJy1waHQnLCAnMC4wJywgJy1waCcsICc3LjAnLCAnLXRuJywgJzgnLCAnLW1hJywgJzIwMCcsICctaW1hZScsICc8aW5maWxlLm1hZT4nLCAnLW9tYWUnLCAnPG91dGZpbGUubWFlPic=",1.000,0.0036,0.0000,0.0036,0.0000,0.000,0,0,0,"OPLS3e",17.492,true,"145950151.0-1","glide-grid_995",289,5,-3.690,-0.284,-0.667,-1.035,-3.690,-1.940,-0.307,0.000,-1.437,-8.576,-2.865,0.869,-0.016,-8.855,-11.442,4.471,10,112,0.000,"This compound has a N-S or N-O group and may undergo hydrolysis at high or low pH.",""
,"3598816.0","7676","262_3598816.0.1","2025-11-13 15:23:04","2025-11-13 15:23:04",,,,,,,"",,"","/home/db/Documentos/David_Hito2/Glide/docking_results/SP/1E9Z-glide-grid_995","docking_pv.maegz",128,"",,,"",,,,,,,,,,,,,,,,,,,,,,,"",,262,5350,false,0,2,51139,"W09IXVtOSF1DKD1PKVtDSDJdT2MxW2NIXVtjSF1jKEJyKVtjSF1bY0hdMQ==","J2VwaWtfcHl0aG9uJywgJy1waHQnLCAnMC4wJywgJy1waCcsICc3LjAnLCAnLXRuJywgJzgnLCAnLW1hJywgJzIwMCcsICctaW1hZScsICc8aW5maWxlLm1hZT4nLCAnLW9tYWUnLCAnPG91dGZpbGUubWFlPic=",1.000,0.0172,0.0000,0.0172,0.0000,0.000,0,0,0,"OPLS3e",10.724,true,"3598816.0-1","glide-grid_995",257,5,-3.685,-0.283,-0.666,-1.034,-3.685,-2.010,-0.304,0.000,-1.118,-9.017,-4.269,0.863,-0.024,-10.315,-13.286,8.236,6,15,0.000,"This compound has a N-S or N-O group and may undergo hydrolysis at high or low pH.",""
,"145984790.0","7677","247_145984790.0.1","2025-11-13 15:23:04","2025-11-13 15:23:04",,,,,,,"",,"","/home/db/Documentos/David_Hito2/Glide/docking_results/SP/1E9Z-glide-grid_995","docking_pv.maegz",129,"",,,"",,,,,,,,,,,,,,,,,,,,,,,"",,247,520,false,0,2,51139,"W09IXVtOSF1DKD1PKVtDSDJdT2MxW2NIXVtjSF1jKENsKWMoQ2wpW2NIXTE=","J2VwaWtfcHl0aG9uJywgJy1waHQnLCAnMC4wJywgJy1waCcsICc3LjAnLCAnLXRuJywgJzgnLCAnLW1hJywgJzIwMCcsICctaW1hZScsICc8aW5maWxlLm1hZT4nLCAnLW9tYWUnLCAnPG91dGZpbGUubWFlPic=",1.000,0.0172,0.0000,0.0172,0.0000,0.000,0,0,0,"OPLS3e",12.923,true,"145984790.0-1","glide-grid_995",242,5,-3.680,-0.263,-0.633,-1.011,-3.680,-1.942,-0.086,0.000,-1.749,-1.569,-4.345,0.927,-0.099,-4.628,-5.914,9.152,11,190,0.000,"This compound has a N-S or N-O group and may undergo hydrolysis at high or low pH.",""
,"145984816.0","7678","252_145984816.0.1","2025-11-13 15:23:04","2025-11-13 15:23:04",,,,,,,"",,"","/home/db/Documentos/David_Hito2/Glide/docking_results/SP/1E9Z-glide-grid_995","docking_pv.maegz",130,"",,,"",,,,,,,,,,,,,,,,,,,,,,,"",,252,2050,false,0,2,51139,"W09IXVtOSF1DKD1PKVtDSDJdW0NIMl1PYzFbY0hdW2NIXVtjSF1jKEYpW2NIXTE=","J2VwaWtfcHl0aG9uJywgJy1waHQnLCAnMC4wJywgJy1waCcsICc3LjAnLCAnLXRuJywgJzgnLCAnLW1hJywgJzIwMCcsICctaW1hZScsICc8aW5maWxlLm1hZT4nLCAnLW9tYWUnLCAnPG91dGZpbGUubWFlPic=",1.000,0.0071,0.0000,0.0071,0.0000,0.000,0,0,0,"OPLS3e",9.941,true,"145984816.0-1","glide-grid_995",247,6,-3.678,-0.263,-0.633,-1.011,-3.678,-1.807,0.000,0.000,-1.995,12.032,-12.649,1.645,-0.225,5.133,-0.617,11.936,32,322,0.000,"This compound has a N-S or N-O group and may undergo hydrolysis at high or low pH.",""
,"145983362.0","7679","232_145983362.0.1","2025-11-13 15:23:04","2025-11-13 15:23:04",,,,,,,"",,"","/home/db/Documentos/David_Hito2/Glide/docking_results/SP/1E9Z-glide-grid_995","docking_pv.maegz",131,"",,,"",,,,,,,,,,,,,,,,,,,,,,,"",,232,1230,false,0,2,51139,"W09IXVtOSF1DKD1PKVtDSDJdW0NIMl1PYzFbY0hdW2NIXVtjSF1jKENsKVtjSF0x","J2VwaWtfcHl0aG9uJywgJy1waHQnLCAnMC4wJywgJy1waCcsICc3LjAnLCAnLXRuJywgJzgnLCAnLW1hJywgJzIwMCcsICctaW1hZScsICc8aW5maWxlLm1hZT4nLCAnLW9tYWUnLCAnPG91dGZpbGUubWFlPic=",1.000,0.0072,0.0000,0.0072,0.0000,0.000,0,0,0,"OPLS3e",10.448,true,"145983362.0-1","glide-grid_995",227,6,-3.674,-0.262,-0.633,-1.010,-3.674,-1.643,0.000,0.000,-1.828,9.103,-13.096,1.440,-0.134,0.544,-3.993,11.038,19,191,0.000,"This compound has a N-S or N-O group and may undergo hydrolysis at high or low pH.",""
,"130723063.0","7680","241_130723063.0.1","2025-11-13 15:23:04","2025-11-13 15:23:04",,,,,,,"",,"","/home/db/Documentos/David_Hito2/Glide/docking_results/SP/1E9Z-glide-grid_995","docking_pv.maegz",132,"",,,"",,,,,,,,,,,,,,,,,,,,,,,"",,241,121500,false,0,2,51139,"W09IXVtOSF1DKD1PKVtDSDJdT2MxW2NIXVtjSF1bY0hdW2NIXWMxRg==","J2VwaWtfcHl0aG9uJywgJy1waHQnLCAnMC4wJywgJy1waCcsICc3LjAnLCAnLXRuJywgJzgnLCAnLW1hJywgJzIwMCcsICctaW1hZScsICc8aW5maWxlLm1hZT4nLCAnLW9tYWUnLCAnPG91dGZpbGUubWFlPic=",1.000,0.0172,0.0000,0.0172,0.0000,0.000,0,0,0,"OPLS3e",13.476,true,"130723063.0-1","glide-grid_995",236,5,-3.671,-0.282,-0.664,-1.030,-3.671,-1.714,-0.200,0.000,-2.131,-1.073,-6.427,1.392,0.000,-5.355,-7.500,4.897,4,13,0.000,"This compound has a N-S or N-O group and may undergo hydrolysis at high or low pH.",""
,"60651050.0","7681","250_60651050.0.1","2025-11-13 15:23:04","2025-11-13 15:23:04",,,,,,,"",,"","/home/db/Documentos/David_Hito2/Glide/docking_results/SP/1E9Z-glide-grid_995","docking_pv.maegz",133,"",,,"",,,,,,,,,,,,,,,,,,,,,,,"",,250,10400,false,0,2,51139,"W09IXVtOSF1DKD1PKVtDSDJdT2MxW2NIXVtjSF1bY0hdYyhDbClbY0hdMQ==","J2VwaWtfcHl0aG9uJywgJy1waHQnLCAnMC4wJywgJy1waCcsICc3LjAnLCAnLXRuJywgJzgnLCAnLW1hJywgJzIwMCcsICctaW1hZScsICc8aW5maWxlLm1hZT4nLCAnLW9tYWUnLCAnPG91dGZpbGUubWFlPic=",1.000,0.0172,0.0000,0.0172,0.0000,0.000,0,0,0,"OPLS3e",12.189,true,"60651050.0-1","glide-grid_995",245,5,-3.662,-0.282,-0.662,-1.027,-3.662,-2.052,0.000,0.000,-1.726,-7.085,-4.364,1.209,-0.084,-7.455,-11.449,12.061,6,147,0.000,"This compound has a N-S or N-O group and may undergo hydrolysis at high or low pH.",""
,"145953083.0","7682","268_145953083.0.1","2025-11-13 15:23:04","2025-11-13 15:23:04",,,,,,,"",,"","/home/db/Documentos/David_Hito2/Glide/docking_results/SP/1E9Z-glide-grid_995","docking_pv.maegz",134,"",,,"",,,,,,,,,,,,,,,,,,,,,,,"",,268,2010,false,0,2,51139,"W09IXVtOSF1DKD1PKVtDSDJdW05IXWMxW2NIXVtjSF1jKEJyKVtjSF1bY0hdMQ==","J2VwaWtfcHl0aG9uJywgJy1waHQnLCAnMC4wJywgJy1waCcsICc3LjAnLCAnLXRuJywgJzgnLCAnLW1hJywgJzIwMCcsICctaW1hZScsICc8aW5maWxlLm1hZT4nLCAnLW9tYWUnLCAnPG91dGZpbGUubWFlPic=",1.000,0.0036,0.0000,0.0036,0.0000,0.000,0,0,0,"OPLS3e",15.052,true,"145953083.0-1","glide-grid_995",263,5,-3.658,-0.281,-0.662,-1.026,-3.658,-1.949,-0.305,0.000,-1.556,-4.640,-3.165,0.869,-0.010,-1.991,-7.805,11.537,16,26,0.000,"This compound has a N-S or N-O group and may undergo hydrolysis at high or low pH.",""
,"145958045.0","7683","302_145958045.0.1","2025-11-13 15:23:04","2025-11-13 15:23:04",,,,,,,"",,"","/home/db/Documentos/David_Hito2/Glide/docking_results/SP/1E9Z-glide-grid_995","docking_pv.maegz",135,"",,,"",,,,,,,,,,,,,,,,,,,,,,,"",,302,152000,false,0,2,51139,"W0NIM11PYzFbY0hdW2NIXVtjSF1bY0hdYzFbTkhdW0NIMl1DKD1PKVtOSF1bT0hd","J2VwaWtfcHl0aG9uJywgJy1waHQnLCAnMC4wJywgJy1waCcsICc3LjAnLCAnLXRuJywgJzgnLCAnLW1hJywgJzIwMCcsICctaW1hZScsICc8aW5maWxlLm1hZT4nLCAnLW9tYWUnLCAnPG91dGZpbGUubWFlPic=",1.000,0.0037,0.0000,0.0037,0.0000,0.000,0,0,0,"OPLS3e",23.311,true,"145958045.0-1","glide-grid_995",297,6,-3.657,-0.261,-0.630,-1.005,-3.657,-2.300,0.000,0.000,-1.807,2.306,-8.247,1.686,-0.114,-2.493,-5.941,9.114,38,243,0.000,"This compound has a N-S or N-O group and may undergo hydrolysis at high or low pH.",""
,"145958045.0","7684","302_145958045.0.1","2025-11-13 15:23:04","2025-11-13 15:23:04",,,,,,,"",,"","/home/db/Documentos/David_Hito2/Glide/docking_results/SP/1E9Z-glide-grid_995","docking_pv.maegz",136,"",,,"",,,,,,,,,,,,,,,,,,,,,,,"",,302,152000,false,0,2,51139,"W0NIM11PYzFbY0hdW2NIXVtjSF1bY0hdYzFbTkhdW0NIMl1DKD1PKVtOSF1bT0hd","J2VwaWtfcHl0aG9uJywgJy1waHQnLCAnMC4wJywgJy1waCcsICc3LjAnLCAnLXRuJywgJzgnLCAnLW1hJywgJzIwMCcsICctaW1hZScsICc8aW5maWxlLm1hZT4nLCAnLW9tYWUnLCAnPG91dGZpbGUubWFlPic=",1.000,0.0037,0.0000,0.0037,0.0000,0.000,0,0,0,"OPLS3e",23.311,true,"145958045.0-1","glide-grid_995",297,6,-3.651,-0.261,-0.629,-1.003,-3.651,-1.867,-0.305,0.000,-2.068,-10.242,-3.905,1.686,0.000,-11.852,-14.147,8.295,10,333,0.000,"This compound has a N-S or N-O group and may undergo hydrolysis at high or low pH.",""
,"24990996.0","7685","253_24990996.0.1","2025-11-13 15:23:04","2025-11-13 15:23:04",,,,,,,"",,"","/home/db/Documentos/David_Hito2/Glide/docking_results/SP/1E9Z-glide-grid_995","docking_pv.maegz",137,"",,,"",,,,,,,,,,,,,,,,,,,,,,,"",,253,18900,false,0,2,51139,"W09IXVtOSF1DKD1PKVtDSDJdT2MxW2NIXVtjSF1jKEYpW2NIXVtjSF0x","J2VwaWtfcHl0aG9uJywgJy1waHQnLCAnMC4wJywgJy1waCcsICc3LjAnLCAnLXRuJywgJzgnLCAnLW1hJywgJzIwMCcsICctaW1hZScsICc8aW5maWxlLm1hZT4nLCAnLW9tYWUnLCAnPG91dGZpbGUubWFlPic=",1.000,0.0172,0.0000,0.0172,0.0000,0.000,0,0,0,"OPLS3e",15.782,true,"24990996.0-1","glide-grid_995",248,5,-3.646,-0.280,-0.659,-1.023,-3.646,-1.885,0.000,0.000,-1.922,-7.062,-5.579,1.392,-0.041,-12.580,-12.642,8.008,6,108,0.000,"This compound has a N-S or N-O group and may undergo hydrolysis at high or low pH.",""
,"3657.0","7686","326_3657.0.1","2025-11-13 15:23:04","2025-11-13 15:23:04",,,,,,,"",,"","/home/db/Documentos/David_Hito2/Glide/docking_results/SP/1E9Z-glide-grid_995","docking_pv.maegz",138,"",,,"",,,,,,,,,,,,,,,,,,,,,,,"",,326,88750,false,0,2,51139,"W05IMl1DKD1PKVtOSF1bT0hd","J2VwaWtfcHl0aG9uJywgJy1waHQnLCAnMC4wJywgJy1waCcsICc3LjAnLCAnLXRuJywgJzgnLCAnLW1hJywgJzIwMCcsICctaW1hZScsICc8aW5maWxlLm1hZT4nLCAnLW9tYWUnLCAnPG91dGZpbGUubWFlPic=",1.000,0.0115,0.0000,0.0115,0.0000,0.000,0,0,0,"OPLS3e",-0.160,true,"3657.0-1","glide-grid_995",301,2,-3.642,-0.728,-1.245,-1.396,-3.642,0.000,-0.295,0.000,-2.250,-2.954,-6.324,0.000,0.000,-15.219,-9.278,0.712,1,393,0.000,"This compound has a N-S or N-O group and may undergo hydrolysis at high or low pH.",""
,"72707668.0","7687","61_72707668.0.1","2025-11-13 15:23:04","2025-11-13 15:23:04",,,,,,,"",,"","/home/db/Documentos/David_Hito2/Glide/docking_results/SP/1E9Z-glide-grid_995","docking_pv.maegz",139,"",,,"",,,,,,,,,,,,,,,,,,,,,,,"",,61,8010,true,0,2,51139,"W09IXVtOSF1DKD1PKVtDSDJdW0NAQEhdKFtPSF0pYzFbY0hdW2NIXWMoRilbY0hdW2NIXTE=","J2VwaWtfcHl0aG9uJywgJy1waHQnLCAnMC4wJywgJy1waCcsICc3LjAnLCAnLXRuJywgJzgnLCAnLW1hJywgJzIwMCcsICctaW1hZScsICc8aW5maWxlLm1hZT4nLCAnLW9tYWUnLCAnPG91dGZpbGUubWFlPic=",1.000,0.0062,0.0000,0.0062,0.0000,0.000,0,0,0,"OPLS3e",5.746,true,"72707668.0-1","glide-grid_995",61,6,-3.640,-0.260,-0.627,-1.000,-3.640,-1.813,0.000,0.000,-2.025,5.272,-7.385,1.233,-0.191,-2.425,-2.113,3.313,11,211,0.000,"This compound has a N-S or N-O group and may undergo hydrolysis at high or low pH.",""
,"130006294.0","7688","283_130006294.0.1","2025-11-13 15:23:04","2025-11-13 15:23:04",,,,,,,"",,"","/home/db/Documentos/David_Hito2/Glide/docking_results/SP/1E9Z-glide-grid_995","docking_pv.maegz",140,"",,,"",,,,,,,,,,,,,,,,,,,,,,,"",,283,58900,false,0,2,51139,"W09IXVtOSF1DKD1PKVtDSDJdW05IXWMxW2NIXVtjSF1bY0hdW2NIXWMxQ2w=","J2VwaWtfcHl0aG9uJywgJy1waHQnLCAnMC4wJywgJy1waCcsICc3LjAnLCAnLXRuJywgJzgnLCAnLW1hJywgJzIwMCcsICctaW1hZScsICc8aW5maWxlLm1hZT4nLCAnLW9tYWUnLCAnPG91dGZpbGUubWFlPic=",1.000,0.0036,0.0000,0.0036,0.0000,0.000,0,0,0,"OPLS3e",20.874,true,"130006294.0-1","glide-grid_995",278,5,-3.625,-0.279,-0.656,-1.017,-3.625,-1.453,-0.199,0.000,-1.981,-0.650,-7.852,1.219,0.000,-6.860,-8.502,3.863,15,54,0.000,"This compound has a N-S or N-O group and may undergo hydrolysis at high or low pH.",""
,"145953083.0","7689","268_145953083.0.1","2025-11-13 15:23:04","2025-11-13 15:23:04",,,,,,,"",,"","/home/db/Documentos/David_Hito2/Glide/docking_results/SP/1E9Z-glide-grid_995","docking_pv.maegz",141,"",,,"",,,,,,,,,,,,,,,,,,,,,,,"",,268,2010,false,0,2,51139,"W09IXVtOSF1DKD1PKVtDSDJdW05IXWMxW2NIXVtjSF1jKEJyKVtjSF1bY0hdMQ==","J2VwaWtfcHl0aG9uJywgJy1waHQnLCAnMC4wJywgJy1waCcsICc3LjAnLCAnLXRuJywgJzgnLCAnLW1hJywgJzIwMCcsICctaW1hZScsICc8aW5maWxlLm1hZT4nLCAnLW9tYWUnLCAnPG91dGZpbGUubWFlPic=",1.000,0.0036,0.0000,0.0036,0.0000,0.000,0,0,0,"OPLS3e",15.052,true,"145953083.0-1","glide-grid_995",263,5,-3.613,-0.278,-0.654,-1.014,-3.613,-1.955,-0.304,0.000,-1.554,-4.952,-2.685,0.869,-0.019,-2.485,-7.638,10.192,10,309,0.000,"This compound has a N-S or N-O group and may undergo hydrolysis at high or low pH.",""
,"145959872.0","7690","301_145959872.0.1","2025-11-13 15:23:04","2025-11-13 15:23:04",,,,,,,"",,"","/home/db/Documentos/David_Hito2/Glide/docking_results/SP/1E9Z-glide-grid_995","docking_pv.maegz",142,"",,,"",,,,,,,,,,,,,,,,,,,,,,,"",,301,7315,false,0,2,51139,"W09IXVtOSF1DKD1PKVtDSDJdW0NIMl1bTkhdYzFbY0hdW2NIXVtjSF1bY0hdYzFCcg==","J2VwaWtfcHl0aG9uJywgJy1waHQnLCAnMC4wJywgJy1waCcsICc3LjAnLCAnLXRuJywgJzgnLCAnLW1hJywgJzIwMCcsICctaW1hZScsICc8aW5maWxlLm1hZT4nLCAnLW9tYWUnLCAnPG91dGZpbGUubWFlPic=",1.000,0.0035,0.0000,0.0035,0.0000,0.000,0,0,0,"OPLS3e",15.231,true,"145959872.0-1","glide-grid_995",296,6,-3.613,-0.258,-0.622,-0.993,-3.613,-2.083,-0.050,0.000,-1.642,-7.727,-2.882,1.053,-0.072,-16.215,-10.609,3.275,22,379,0.000,"This compound has a N-S or N-O group and may undergo hydrolysis at high or low pH.",""
,"130841018.0","7691","254_130841018.0.1","2025-11-13 15:23:04","2025-11-13 15:23:04",,,,,,,"",,"","/home/db/Documentos/David_Hito2/Glide/docking_results/SP/1E9Z-glide-grid_995","docking_pv.maegz",143,"",,,"",,,,,,,,,,,,,,,,,,,,,,,"",,254,27000,false,0,2,51139,"W09IXVtOSF1DKD1PKVtDSDJdT2MxW2NIXVtjSF1bY0hdYyhGKVtjSF0x","J2VwaWtfcHl0aG9uJywgJy1waHQnLCAnMC4wJywgJy1waCcsICc3LjAnLCAnLXRuJywgJzgnLCAnLW1hJywgJzIwMCcsICctaW1hZScsICc8aW5maWxlLm1hZT4nLCAnLW9tYWUnLCAnPG91dGZpbGUubWFlPic=",1.000,0.0172,0.0000,0.0172,0.0000,0.000,0,0,0,"OPLS3e",16.525,true,"130841018.0-1","glide-grid_995",249,5,-3.612,-0.278,-0.653,-1.013,-3.612,-1.822,-0.304,0.000,-1.499,-13.169,-4.703,1.392,-0.015,-17.827,-17.872,2.763,6,173,0.000,"This compound has a N-S or N-O group and may undergo hydrolysis at high or low pH.",""
,"95562486.0","7692","243_95562486.0.1","2025-11-13 15:23:04","2025-11-13 15:23:04",,,,,,,"",,"","/home/db/Documentos/David_Hito2/Glide/docking_results/SP/1E9Z-glide-grid_995","docking_pv.maegz",144,"",,,"",,,,,,,,,,,,,,,,,,,,,,,"",,243,78500,false,0,2,51139,"W09IXVtOSF1DKD1PKVtDSDJdT2MxW2NIXVtjSF1bY0hdW2NIXWMxQ2w=","J2VwaWtfcHl0aG9uJywgJy1waHQnLCAnMC4wJywgJy1waCcsICc3LjAnLCAnLXRuJywgJzgnLCAnLW1hJywgJzIwMCcsICctaW1hZScsICc8aW5maWxlLm1hZT4nLCAnLW9tYWUnLCAnPG91dGZpbGUubWFlPic=",1.000,0.0172,0.0000,0.0172,0.0000,0.000,0,0,0,"OPLS3e",12.887,true,"95562486.0-1","glide-grid_995",238,5,-3.607,-0.277,-0.652,-1.012,-3.607,-1.939,0.000,0.000,-1.905,1.374,-6.516,1.209,-0.062,-4.628,-5.142,4.409,15,306,0.000,"This compound has a N-S or N-O group and may undergo hydrolysis at high or low pH.",""
,"145955823.0","7693","295_145955823.0.1","2025-11-13 15:23:04","2025-11-13 15:23:04",,,,,,,"",,"","/home/db/Documentos/David_Hito2/Glide/docking_results/SP/1E9Z-glide-grid_995","docking_pv.maegz",145,"",,,"",,,,,,,,,,,,,,,,,,,,,,,"",,295,9040,false,0,2,51139,"W09IXVtOSF1DKD1PKVtDSDJdW0NIMl1bTkhdYzFbY0hdW2NIXWMoRilbY0hdW2NIXTE=","J2VwaWtfcHl0aG9uJywgJy1waHQnLCAnMC4wJywgJy1waCcsICc3LjAnLCAnLXRuJywgJzgnLCAnLW1hJywgJzIwMCcsICctaW1hZScsICc8aW5maWxlLm1hZT4nLCAnLW9tYWUnLCAnPG91dGZpbGUubWFlPic=",1.000,0.0043,0.0000,0.0043,0.0000,0.000,0,0,0,"OPLS3e",11.252,true,"145955823.0-1","glide-grid_995",290,6,-3.606,-0.258,-0.621,-0.991,-3.606,-1.865,-0.243,0.000,-1.923,0.308,-7.980,1.658,-0.051,-9.339,-7.672,5.458,8,193,0.000,"This compound has a N-S or N-O group and may undergo hydrolysis at high or low pH.",""
,"22716931.0","7694","296_22716931.0.1","2025-11-13 15:23:04","2025-11-13 15:23:04",,,,,,,"",,"","/home/db/Documentos/David_Hito2/Glide/docking_results/SP/1E9Z-glide-grid_995","docking_pv.maegz",146,"",,,"",,,,,,,,,,,,,,,,,,,,,,,"",,296,4670,false,0,2,51139,"W09IXVtOSF1DKD1PKVtDSDJdW05IXWMxW2NIXVtjSF1bY0hdW2NIXVtjSF0x","J2VwaWtfcHl0aG9uJywgJy1waHQnLCAnMC4wJywgJy1waCcsICc3LjAnLCAnLXRuJywgJzgnLCAnLW1hJywgJzIwMCcsICctaW1hZScsICc8aW5maWxlLm1hZT4nLCAnLW9tYWUnLCAnPG91dGZpbGUubWFlPic=",1.000,0.0037,0.0000,0.0037,0.0000,0.000,0,0,0,"OPLS3e",16.715,true,"22716931.0-1","glide-grid_995",291,5,-3.597,-0.300,-0.686,-1.032,-3.597,-2.036,-0.532,0.000,-1.563,-7.861,-4.802,1.662,-0.015,-14.080,-12.663,3.870,15,50,0.000,"This compound has a N-S or N-O group and may undergo hydrolysis at high or low pH.",""
,"3252458.0","7695","242_3252458.0.1","2025-11-13 15:23:04","2025-11-13 15:23:04",,,,,,,"",,"","/home/db/Documentos/David_Hito2/Glide/docking_results/SP/1E9Z-glide-grid_995","docking_pv.maegz",147,"",,,"",,,,,,,,,,,,,,,,,,,,,,,"",,242,131200,false,0,2,51139,"W09IXVtOSF1DKD1PKVtDSDJdT2MxW2NIXVtjSF1bY0hdW2NIXVtjSF0x","J2VwaWtfcHl0aG9uJywgJy1waHQnLCAnMC4wJywgJy1waCcsICc3LjAnLCAnLXRuJywgJzgnLCAnLW1hJywgJzIwMCcsICctaW1hZScsICc8aW5maWxlLm1hZT4nLCAnLW9tYWUnLCAnPG91dGZpbGUubWFlPic=",1.000,0.0172,0.0000,0.0172,0.0000,0.000,0,0,0,"OPLS3e",16.996,true,"3252458.0-1","glide-grid_995",237,5,-3.587,-0.299,-0.684,-1.029,-3.587,-1.741,-0.105,0.000,-2.244,-2.806,-6.689,1.646,0.000,-11.141,-9.495,6.595,6,209,0.000,"This compound has a N-S or N-O group and may undergo hydrolysis at high or low pH.",""
,"145958008.0","7696","280_145958008.0.1","2025-11-13 15:23:04","2025-11-13 15:23:04",,,,,,,"",,"","/home/db/Documentos/David_Hito2/Glide/docking_results/SP/1E9Z-glide-grid_995","docking_pv.maegz",148,"",,,"",,,,,,,,,,,,,,,,,,,,,,,"",,280,2982,false,0,2,51139,"W09IXVtOSF1DKD1PKVtDSDJdW0NIMl1bTkhdYzFbY0hdW2NIXVtjSF1bY0hdYzFDbA==","J2VwaWtfcHl0aG9uJywgJy1waHQnLCAnMC4wJywgJy1waCcsICc3LjAnLCAnLXRuJywgJzgnLCAnLW1hJywgJzIwMCcsICctaW1hZScsICc8aW5maWxlLm1hZT4nLCAnLW9tYWUnLCAnPG91dGZpbGUubWFlPic=",1.000,0.0035,0.0000,0.0035,0.0000,0.000,0,0,0,"OPLS3e",15.802,true,"145958008.0-1","glide-grid_995",275,6,-3.584,-0.256,-0.617,-0.985,-3.584,-2.128,0.000,0.000,-1.946,-1.352,-5.622,1.451,-0.051,-0.905,-6.973,14.899,8,74,0.000,"This compound has a N-S or N-O group and may undergo hydrolysis at high or low pH.",""
,"72707673.0","7697","62_72707673.0.1","2025-11-13 15:23:04","2025-11-13 15:23:04",,,,,,,"",,"","/home/db/Documentos/David_Hito2/Glide/docking_results/SP/1E9Z-glide-grid_995","docking_pv.maegz",149,"",,,"",,,,,,,,,,,,,,,,,,,,,,,"",,62,11000,true,0,2,51139,"W0NIM11PYzFbY0hdW2NIXWMoRilbY0hdYzFbQ0BASF0oW09IXSlbQ0gyXUMoPU8pW05IXVtPSF0=","J2VwaWtfcHl0aG9uJywgJy1waHQnLCAnMC4wJywgJy1waCcsICc3LjAnLCAnLXRuJywgJzgnLCAnLW1hJywgJzIwMCcsICctaW1hZScsICc8aW5maWxlLm1hZT4nLCAnLW9tYWUnLCAnPG91dGZpbGUubWFlPic=",1.000,0.0062,0.0000,0.0062,0.0000,0.000,0,0,0,"OPLS3e",10.507,true,"72707673.0-1","glide-grid_995",62,7,-3.580,-0.224,-0.564,-0.949,-3.580,-1.706,-0.134,0.000,-1.846,9.043,-10.922,1.299,-0.008,-3.889,-1.879,16.560,35,25,0.000,"This compound has a N-S or N-O group and may undergo hydrolysis at high or low pH.",""
,"145958315.0","7698","279_145958315.0.1","2025-11-13 15:23:04","2025-11-13 15:23:04",,,,,,,"",,"","/home/db/Documentos/David_Hito2/Glide/docking_results/SP/1E9Z-glide-grid_995","docking_pv.maegz",150,"",,,"",,,,,,,,,,,,,,,,,,,,,,,"",,279,5110,false,0,2,51139,"W09IXVtOSF1DKD1PKVtDSDJdW05IXWMxW2NIXWMoRilbY0hdYyhGKVtjSF0x","J2VwaWtfcHl0aG9uJywgJy1waHQnLCAnMC4wJywgJy1waCcsICc3LjAnLCAnLXRuJywgJzgnLCAnLW1hJywgJzIwMCcsICctaW1hZScsICc8aW5maWxlLm1hZT4nLCAnLW9tYWUnLCAnPG91dGZpbGUubWFlPic=",1.000,0.0036,0.0000,0.0036,0.0000,0.000,0,0,0,"OPLS3e",12.740,true,"145958315.0-1","glide-grid_995",274,5,-3.576,-0.255,-0.616,-0.983,-3.576,-1.613,0.000,0.000,-1.439,6.345,-12.271,1.203,-0.204,-4.227,-5.926,5.787,17,371,0.000,"This compound has a N-S or N-O group and may undergo hydrolysis at high or low pH.",""
,"46769546.0","7699","291_46769546.0.1","2025-11-13 15:23:04","2025-11-13 15:23:04",,,,,,,"",,"","/home/db/Documentos/David_Hito2/Glide/docking_results/SP/1E9Z-glide-grid_995","docking_pv.maegz",151,"",,,"",,,,,,,,,,,,,,,,,,,,,,,"",,291,2470,false,0,2,51139,"W09IXVtOSF1DKD1PKVtDSDJdW05IXWMxW2NIXVtjSF1jKENsKVtjSF1bY0hdMQ==","J2VwaWtfcHl0aG9uJywgJy1waHQnLCAnMC4wJywgJy1waCcsICc3LjAnLCAnLXRuJywgJzgnLCAnLW1hJywgJzIwMCcsICctaW1hZScsICc8aW5maWxlLm1hZT4nLCAnLW9tYWUnLCAnPG91dGZpbGUubWFlPic=",1.000,0.0036,0.0000,0.0036,0.0000,0.000,0,0,0,"OPLS3e",15.382,true,"46769546.0-1","glide-grid_995",286,5,-3.575,-0.275,-0.647,-1.003,-3.575,-1.907,0.000,0.000,-1.818,-0.868,-6.034,1.219,-0.120,-2.314,-6.902,9.658,16,84,0.000,"This compound has a N-S or N-O group and may undergo hydrolysis at high or low pH.",""
,"145982793.0","7700","228_145982793.0.1","2025-11-13 15:23:04","2025-11-13 15:23:04",,,,,,,"",,"","/home/db/Documentos/David_Hito2/Glide/docking_results/SP/1E9Z-glide-grid_995","docking_pv.maegz",152,"",,,"",,,,,,,,,,,,,,,,,,,,,,,"",,228,475,false,0,2,51139,"W09IXVtOSF1DKD1PKVtDSDJdW0NIMl1PYzFbY0hdW2NIXWMoQ2wpYyhDbClbY0hdMQ==","J2VwaWtfcHl0aG9uJywgJy1waHQnLCAnMC4wJywgJy1waCcsICc3LjAnLCAnLXRuJywgJzgnLCAnLW1hJywgJzIwMCcsICctaW1hZScsICc8aW5maWxlLm1hZT4nLCAnLW9tYWUnLCAnPG91dGZpbGUubWFlPic=",1.000,0.0073,0.0000,0.0073,0.0000,0.000,0,0,0,"OPLS3e",13.280,true,"145982793.0-1","glide-grid_995",223,6,-3.572,-0.238,-0.587,-0.963,-3.572,-2.083,-0.066,0.000,-1.543,-6.299,-4.025,1.119,-0.080,-7.435,-10.324,6.917,4,334,0.000,"This compound has a N-S or N-O group and may undergo hydrolysis at high or low pH.",""
,"145959103.0","7701","276_145959103.0.1","2025-11-13 15:23:04","2025-11-13 15:23:04",,,,,,,"",,"","/home/db/Documentos/David_Hito2/Glide/docking_results/SP/1E9Z-glide-grid_995","docking_pv.maegz",153,"",,,"",,,,,,,,,,,,,,,,,,,,,,,"",,276,1220,false,0,2,51139,"W09IXVtOSF1DKD1PKVtDSDJdW0NIMl1bTkhdYzFbY0hdW2NIXVtjSF1bY0hdW2NIXTE=","J2VwaWtfcHl0aG9uJywgJy1waHQnLCAnMC4wJywgJy1waCcsICc3LjAnLCAnLXRuJywgJzgnLCAnLW1hJywgJzIwMCcsICctaW1hZScsICc8aW5maWxlLm1hZT4nLCAnLW9tYWUnLCAnPG91dGZpbGUubWFlPic=",1.000,0.0040,0.0000,0.0040,0.0000,0.000,0,0,0,"OPLS3e",11.878,true,"145959103.0-1","glide-grid_995",271,6,-3.562,-0.274,-0.644,-0.999,-3.562,-1.965,0.000,0.000,-2.084,-8.094,-6.321,1.941,-0.101,-13.336,-14.416,14.020,4,236,0.000,"This compound has a N-S or N-O group and may undergo hydrolysis at high or low pH.",""
,"155547948.0","7702","100_155547948.0.1","2025-11-13 15:23:04","2025-11-13 15:23:04",,,,,,,"",,"","/home/db/Documentos/David_Hito2/Glide/docking_results/SP/1E9Z-glide-grid_995","docking_pv.maegz",154,"",,,"",,,,,,,,,,,,,,,,,,,,,,,"",,100,89200,true,0,2,51139,"W0NIM11PYzFbY0hdW2NIXVtjSF1jKFtjSF0xKVtDQEBIXShbT0hdKVtDSDJdQyg9TylOKFtDSDNdKVtPSF0=","J2VwaWtfcHl0aG9uJywgJy1waHQnLCAnMC4wJywgJy1waCcsICc3LjAnLCAnLXRuJywgJzgnLCAnLW1hJywgJzIwMCcsICctaW1hZScsICc8aW5maWxlLm1hZT4nLCAnLW9tYWUnLCAnPG91dGZpbGUubWFlPic=",1.000,0.0063,0.0000,0.0063,0.0000,0.000,0,0,0,"OPLS3e",20.091,true,"155547948.0-1","glide-grid_995",100,7,-3.562,-0.223,-0.561,-0.944,-3.562,-1.894,0.000,0.000,-1.524,0.941,-8.999,1.338,-0.179,-7.063,-8.058,8.113,23,41,0.000,"This compound has a N-S or N-O group and may undergo hydrolysis at high or low pH.",""
,"15125023.0","7703","257_15125023.0.1","2025-11-13 15:23:04","2025-11-13 15:23:04",,,,,,,"",,"","/home/db/Documentos/David_Hito2/Glide/docking_results/SP/1E9Z-glide-grid_995","docking_pv.maegz",155,"",,,"",,,,,,,,,,,,,,,,,,,,,,,"",,257,49500,false,0,2,51139,"W0NIM11PYzFbY0hdW2NIXWMoW2NIXVtjSF0xKU9bQ0gyXUMoPU8pW05IXVtPSF0=","J2VwaWtfcHl0aG9uJywgJy1waHQnLCAnMC4wJywgJy1waCcsICc3LjAnLCAnLXRuJywgJzgnLCAnLW1hJywgJzIwMCcsICctaW1hZScsICc8aW5maWxlLm1hZT4nLCAnLW9tYWUnLCAnPG91dGZpbGUubWFlPic=",1.000,0.0172,0.0000,0.0172,0.0000,0.000,0,0,0,"OPLS3e",16.768,true,"15125023.0-1","glide-grid_995",252,6,-3.547,-0.253,-0.611,-0.975,-3.547,-1.885,-0.304,0.000,-1.755,-0.507,-8.291,1.672,-0.007,-6.938,-8.798,9.093,30,2,0.000,"This compound has a N-S or N-O group and may undergo hydrolysis at high or low pH.",""
,"46769546.0","7704","291_46769546.0.1","2025-11-13 15:23:04","2025-11-13 15:23:04",,,,,,,"",,"","/home/db/Documentos/David_Hito2/Glide/docking_results/SP/1E9Z-glide-grid_995","docking_pv.maegz",156,"",,,"",,,,,,,,,,,,,,,,,,,,,,,"",,291,2470,false,0,2,51139,"W09IXVtOSF1DKD1PKVtDSDJdW05IXWMxW2NIXVtjSF1jKENsKVtjSF1bY0hdMQ==","J2VwaWtfcHl0aG9uJywgJy1waHQnLCAnMC4wJywgJy1waCcsICc3LjAnLCAnLXRuJywgJzgnLCAnLW1hJywgJzIwMCcsICctaW1hZScsICc8aW5maWxlLm1hZT4nLCAnLW9tYWUnLCAnPG91dGZpbGUubWFlPic=",1.000,0.0036,0.0000,0.0036,0.0000,0.000,0,0,0,"OPLS3e",15.382,true,"46769546.0-1","glide-grid_995",286,5,-3.539,-0.272,-0.640,-0.993,-3.539,-2.015,-0.268,0.000,-0.941,6.719,-11.455,1.219,-0.150,2.909,-4.736,10.744,15,370,0.000,"This compound has a N-S or N-O group and may undergo hydrolysis at high or low pH.",""
,"71721721.0","7705","78_71721721.0.1","2025-11-13 15:23:04","2025-11-13 15:23:04",,,,,,,"",,"","/home/db/Documentos/David_Hito2/Glide/docking_results/SP/1E9Z-glide-grid_995","docking_pv.maegz",157,"",,,"",,,,,,,,,,,,,,,,,,,,,,,"",,78,83,true,0,2,51139,"W09IXVtOSF1DKD1PKVtDSDJdW0NAQEhdKFtPSF0pYzFbY0hdW2NIXVtjSF1jKENsKVtjSF0x","J2VwaWtfcHl0aG9uJywgJy1waHQnLCAnMC4wJywgJy1waCcsICc3LjAnLCAnLXRuJywgJzgnLCAnLW1hJywgJzIwMCcsICctaW1hZScsICc8aW5maWxlLm1hZT4nLCAnLW9tYWUnLCAnPG91dGZpbGUubWFlPic=",1.000,0.0062,0.0000,0.0062,0.0000,0.000,0,0,0,"OPLS3e",7.896,true,"71721721.0-1","glide-grid_995",78,6,-3.538,-0.253,-0.609,-0.972,-3.538,-1.796,0.000,0.000,-1.934,-0.892,-5.232,1.080,-0.058,-8.838,-6.124,6.413,5,146,0.000,"This compound has a N-S or N-O group and may undergo hydrolysis at high or low pH.",""
,"130842494.0","7706","259_130842494.0.1","2025-11-13 15:23:04","2025-11-13 15:23:04",,,,,,,"",,"","/home/db/Documentos/David_Hito2/Glide/docking_results/SP/1E9Z-glide-grid_995","docking_pv.maegz",158,"",,,"",,,,,,,,,,,,,,,,,,,,,,,"",,259,85100,false,0,2,51139,"W0NIM11jMVtjSF1bY0hdW2NIXWMoW2NIXTEpT1tDSDJdQyg9TylbTkhdW09IXQ==","J2VwaWtfcHl0aG9uJywgJy1waHQnLCAnMC4wJywgJy1waCcsICc3LjAnLCAnLXRuJywgJzgnLCAnLW1hJywgJzIwMCcsICctaW1hZScsICc8aW5maWxlLm1hZT4nLCAnLW9tYWUnLCAnPG91dGZpbGUubWFlPic=",1.000,0.0172,0.0000,0.0172,0.0000,0.000,0,0,0,"OPLS3e",15.739,true,"130842494.0-1","glide-grid_995",254,5,-3.534,-0.272,-0.639,-0.991,-3.534,-2.113,-0.304,0.000,-1.608,-12.051,-5.399,1.924,-0.021,-14.721,-17.450,8.129,6,97,0.000,"This compound has a N-S or N-O group and may undergo hydrolysis at high or low pH.",""
,"145984854.0","7707","234_145984854.0.1","2025-11-13 15:23:04","2025-11-13 15:23:04",,,,,,,"",,"","/home/db/Documentos/David_Hito2/Glide/docking_results/SP/1E9Z-glide-grid_995","docking_pv.maegz",159,"",,,"",,,,,,,,,,,,,,,,,,,,,,,"",,234,205400,false,0,2,51139,"W09IXVtOSF1DKD1PKVtDSDJdT2MxW2NIXWMoRilbY0hdYyhGKVtjSF0x","J2VwaWtfcHl0aG9uJywgJy1waHQnLCAnMC4wJywgJy1waCcsICc3LjAnLCAnLXRuJywgJzgnLCAnLW1hJywgJzIwMCcsICctaW1hZScsICc8aW5maWxlLm1hZT4nLCAnLW9tYWUnLCAnPG91dGZpbGUubWFlPic=",1.000,0.0172,0.0000,0.0172,0.0000,0.000,0,0,0,"OPLS3e",13.143,true,"145984854.0-1","glide-grid_995",229,5,-3.531,-0.252,-0.608,-0.970,-3.531,-1.771,-0.304,0.000,-1.536,-8.968,-4.274,1.194,-0.024,-7.362,-13.242,9.668,7,209,0.000,"This compound has a N-S or N-O group and may undergo hydrolysis at high or low pH.",""
,"72707602.0","7708","69_72707602.0.1","2025-11-13 15:23:04","2025-11-13 15:23:04",,,,,,,"",,"","/home/db/Documentos/David_Hito2/Glide/docking_results/SP/1E9Z-glide-grid_995","docking_pv.maegz",160,"",,,"",,,,,,,,,,,,,,,,,,,,,,,"",,69,23200,true,0,2,51139,"W0NIM11PYzFbY0hdW2NIXVtjSF1jKFtjSF0xKVtDQEBIXShbT0hdKVtDSDJdQyg9TylbTkhdW09IXQ==","J2VwaWtfcHl0aG9uJywgJy1waHQnLCAnMC4wJywgJy1waCcsICc3LjAnLCAnLXRuJywgJzgnLCAnLW1hJywgJzIwMCcsICctaW1hZScsICc8aW5maWxlLm1hZT4nLCAnLW9tYWUnLCAnPG91dGZpbGUubWFlPic=",1.000,0.0062,0.0000,0.0062,0.0000,0.000,0,0,0,"OPLS3e",12.577,true,"72707602.0-1","glide-grid_995",69,7,-3.528,-0.235,-0.580,-0.952,-3.528,-1.860,0.000,0.000,-1.189,-4.491,-10.667,1.491,-0.146,-11.366,-15.157,10.895,14,48,0.000,"This compound has a N-S or N-O group and may undergo hydrolysis at high or low pH.",""
,"130842494.0","7709","259_130842494.0.1","2025-11-13 15:23:04","2025-11-13 15:23:04",,,,,,,"",,"","/home/db/Documentos/David_Hito2/Glide/docking_results/SP/1E9Z-glide-grid_995","docking_pv.maegz",161,"",,,"",,,,,,,,,,,,,,,,,,,,,,,"",,259,85100,false,0,2,51139,"W0NIM11jMVtjSF1bY0hdW2NIXWMoW2NIXTEpT1tDSDJdQyg9TylbTkhdW09IXQ==","J2VwaWtfcHl0aG9uJywgJy1waHQnLCAnMC4wJywgJy1waCcsICc3LjAnLCAnLXRuJywgJzgnLCAnLW1hJywgJzIwMCcsICctaW1hZScsICc8aW5maWxlLm1hZT4nLCAnLW9tYWUnLCAnPG91dGZpbGUubWFlPic=",1.000,0.0172,0.0000,0.0172,0.0000,0.000,0,0,0,"OPLS3e",15.739,true,"130842494.0-1","glide-grid_995",254,5,-3.508,-0.270,-0.634,-0.984,-3.508,-2.114,-0.306,0.000,-1.585,-12.735,-5.108,1.924,-0.023,-16.733,-17.844,4.720,6,121,0.000,"This compound has a N-S or N-O group and may undergo hydrolysis at high or low pH.",""
,"72707602.0","7710","69_72707602.0.1","2025-11-13 15:23:04","2025-11-13 15:23:04",,,,,,,"",,"","/home/db/Documentos/David_Hito2/Glide/docking_results/SP/1E9Z-glide-grid_995","docking_pv.maegz",162,"",,,"",,,,,,,,,,,,,,,,,,,,,,,"",,69,23200,true,0,2,51139,"W0NIM11PYzFbY0hdW2NIXVtjSF1jKFtjSF0xKVtDQEBIXShbT0hdKVtDSDJdQyg9TylbTkhdW09IXQ==","J2VwaWtfcHl0aG9uJywgJy1waHQnLCAnMC4wJywgJy1waCcsICc3LjAnLCAnLXRuJywgJzgnLCAnLW1hJywgJzIwMCcsICctaW1hZScsICc8aW5maWxlLm1hZT4nLCAnLW9tYWUnLCAnPG91dGZpbGUubWFlPic=",1.000,0.0062,0.0000,0.0062,0.0000,0.000,0,0,0,"OPLS3e",12.577,true,"72707602.0-1","glide-grid_995",69,7,-3.500,-0.233,-0.575,-0.944,-3.500,-1.862,0.000,0.000,-1.195,-4.073,-10.563,1.491,-0.146,-11.353,-14.636,9.849,14,161,0.000,"This compound has a N-S or N-O group and may undergo hydrolysis at high or low pH.",""
,"155546187.0","7711","87_155546187.0.1","2025-11-13 15:23:04","2025-11-13 15:23:04",,,,,,,"",,"","/home/db/Documentos/David_Hito2/Glide/docking_results/SP/1E9Z-glide-grid_995","docking_pv.maegz",163,"",,,"",,,,,,,,,,,,,,,,,,,,,,,"",,87,90400,true,0,2,51139,"W0NIM11OKFtPSF0pQyg9TylbQ0gyXVtDQEBIXShbT0hdKWMxW2NIXVtjSF1jKENsKWMoQ2wpW2NIXTE=","J2VwaWtfcHl0aG9uJywgJy1waHQnLCAnMC4wJywgJy1waCcsICc3LjAnLCAnLXRuJywgJzgnLCAnLW1hJywgJzIwMCcsICctaW1hZScsICc8aW5maWxlLm1hZT4nLCAnLW9tYWUnLCAnPG91dGZpbGUubWFlPic=",1.000,0.0063,0.0000,0.0063,0.0000,0.000,0,0,0,"OPLS3e",15.875,true,"155546187.0-1","glide-grid_995",87,6,-3.499,-0.219,-0.551,-0.927,-3.499,-1.924,0.000,0.000,-0.947,6.788,-10.408,0.764,-0.171,-1.563,-3.619,10.175,8,143,0.000,"This compound has a N-S or N-O group and may undergo hydrolysis at high or low pH.",""
,"3657.0","7712","326_3657.0.1","2025-11-13 15:23:04","2025-11-13 15:23:04",,,,,,,"",,"","/home/db/Documentos/David_Hito2/Glide/docking_results/SP/1E9Z-glide-grid_995","docking_pv.maegz",164,"",,,"",,,,,,,,,,,,,,,,,,,,,,,"",,326,88750,false,0,2,51139,"W05IMl1DKD1PKVtOSF1bT0hd","J2VwaWtfcHl0aG9uJywgJy1waHQnLCAnMC4wJywgJy1waCcsICc3LjAnLCAnLXRuJywgJzgnLCAnLW1hJywgJzIwMCcsICctaW1hZScsICc8aW5maWxlLm1hZT4nLCAnLW9tYWUnLCAnPG91dGZpbGUubWFlPic=",1.000,0.0115,0.0000,0.0115,0.0000,0.000,0,0,0,"OPLS3e",-0.160,true,"3657.0-1","glide-grid_995",301,2,-3.497,-0.699,-1.196,-1.340,-3.497,0.000,-0.288,0.000,-2.250,-8.193,-3.662,0.000,0.000,-17.876,-11.855,0.054,1,228,0.000,"This compound has a N-S or N-O group and may undergo hydrolysis at high or low pH.",""
,"386822","7713","186_386822.1","2025-11-13 15:23:04","2025-11-13 15:23:04",,,,,,,"",,"","/home/db/Documentos/David_Hito2/Glide/docking_results/SP/1E9Z-glide-grid_995","docking_pv.maegz",165,"",,,"",,,,,,,,,,,,,,,,,,,,,,,"",,186,120000,false,0,2,51139,"W0NIM11DKD1PKVtOSF1bT0hd","J2VwaWtfcHl0aG9uJywgJy1waHQnLCAnMC4wJywgJy1waCcsICc3LjAnLCAnLXRuJywgJzgnLCAnLW1hJywgJzIwMCcsICctaW1hZScsICc8aW5maWxlLm1hZT4nLCAnLW9tYWUnLCAnPG91dGZpbGUubWFlPic=",1.000,0.0042,0.0000,0.0042,0.0000,0.000,0,0,0,"OPLS3e",0.553,true,"386822-1","glide-grid_995",181,2,-3.497,-0.699,-1.196,-1.340,-3.497,0.000,0.000,0.000,-2.250,-5.325,-5.873,0.000,-0.100,-16.075,-11.198,0.032,1,380,0.000,"This compound has a N-S or N-O group and may undergo hydrolysis at high or low pH.",""
,"145984003.0","7714","246_145984003.0.1","2025-11-13 15:23:04","2025-11-13 15:23:04",,,,,,,"",,"","/home/db/Documentos/David_Hito2/Glide/docking_results/SP/1E9Z-glide-grid_995","docking_pv.maegz",166,"",,,"",,,,,,,,,,,,,,,,,,,,,,,"",,246,353200,false,0,2,51139,"W09IXVtOSF1DKD1PKVtDSDJdT2MxYyhDbClbY0hdW2NIXVtjSF1jMUNs","J2VwaWtfcHl0aG9uJywgJy1waHQnLCAnMC4wJywgJy1waCcsICc3LjAnLCAnLXRuJywgJzgnLCAnLW1hJywgJzIwMCcsICctaW1hZScsICc8aW5maWxlLm1hZT4nLCAnLW9tYWUnLCAnPG91dGZpbGUubWFlPic=",1.000,0.0172,0.0000,0.0172,0.0000,0.000,0,0,0,"OPLS3e",14.490,true,"145984003.0-1","glide-grid_995",241,5,-3.496,-0.250,-0.602,-0.961,-3.496,-1.805,-0.304,0.000,-1.800,4.399,-4.778,0.927,-0.017,-4.108,-0.380,2.334,4,51,0.000,"This compound has a N-S or N-O group and may undergo hydrolysis at high or low pH.",""
,"145986005.0","7715","238_145986005.0.1","2025-11-13 15:23:04","2025-11-13 15:23:04",,,,,,,"",,"","/home/db/Documentos/David_Hito2/Glide/docking_results/SP/1E9Z-glide-grid_995","docking_pv.maegz",167,"",,,"",,,,,,,,,,,,,,,,,,,,,,,"",,238,3220,false,0,2,51139,"W09IXVtOSF1DKD1PKVtDSDJdT2MxW2NIXWMoQ2wpW2NIXWMoQ2wpW2NIXTE=","J2VwaWtfcHl0aG9uJywgJy1waHQnLCAnMC4wJywgJy1waCcsICc3LjAnLCAnLXRuJywgJzgnLCAnLW1hJywgJzIwMCcsICctaW1hZScsICc8aW5maWxlLm1hZT4nLCAnLW9tYWUnLCAnPG91dGZpbGUubWFlPic=",1.000,0.0172,0.0000,0.0172,0.0000,0.000,0,0,0,"OPLS3e",15.448,true,"145986005.0-1","glide-grid_995",233,5,-3.487,-0.249,-0.600,-0.958,-3.487,-2.114,0.000,0.000,-1.486,-3.960,-3.487,0.927,-0.093,-7.457,-7.447,10.235,15,258,0.000,"This compound has a N-S or N-O group and may undergo hydrolysis at high or low pH.",""
,"130005353.0","7716","273_130005353.0.1","2025-11-13 15:23:04","2025-11-13 15:23:04",,,,,,,"",,"","/home/db/Documentos/David_Hito2/Glide/docking_results/SP/1E9Z-glide-grid_995","docking_pv.maegz",168,"",,,"",,,,,,,,,,,,,,,,,,,,,,,"",,273,1150,false,0,2,51139,"W09IXVtOSF1DKD1PKVtDSDJdW05IXWMxW2NIXVtjSF1bY0hdYyhDbClbY0hdMQ==","J2VwaWtfcHl0aG9uJywgJy1waHQnLCAnMC4wJywgJy1waCcsICc3LjAnLCAnLXRuJywgJzgnLCAnLW1hJywgJzIwMCcsICctaW1hZScsICc8aW5maWxlLm1hZT4nLCAnLW9tYWUnLCAnPG91dGZpbGUubWFlPic=",1.000,0.0036,0.0000,0.0036,0.0000,0.000,0,0,0,"OPLS3e",17.625,true,"130005353.0-1","glide-grid_995",268,5,-3.482,-0.268,-0.630,-0.977,-3.482,-2.000,-0.143,0.000,-0.493,-6.042,-10.812,1.219,-0.141,-4.949,-16.854,19.228,2,270,0.000,"This compound has a N-S or N-O group and may undergo hydrolysis at high or low pH.",""
,"145958008.0","7717","280_145958008.0.1","2025-11-13 15:23:04","2025-11-13 15:23:04",,,,,,,"",,"","/home/db/Documentos/David_Hito2/Glide/docking_results/SP/1E9Z-glide-grid_995","docking_pv.maegz",169,"",,,"",,,,,,,,,,,,,,,,,,,,,,,"",,280,2982,false,0,2,51139,"W09IXVtOSF1DKD1PKVtDSDJdW0NIMl1bTkhdYzFbY0hdW2NIXVtjSF1bY0hdYzFDbA==","J2VwaWtfcHl0aG9uJywgJy1waHQnLCAnMC4wJywgJy1waCcsICc3LjAnLCAnLXRuJywgJzgnLCAnLW1hJywgJzIwMCcsICctaW1hZScsICc8aW5maWxlLm1hZT4nLCAnLW9tYWUnLCAnPG91dGZpbGUubWFlPic=",1.000,0.0035,0.0000,0.0035,0.0000,0.000,0,0,0,"OPLS3e",15.802,true,"145958008.0-1","glide-grid_995",275,6,-3.481,-0.249,-0.599,-0.956,-3.481,-1.492,0.000,0.000,-1.853,6.290,-11.988,1.451,-0.103,4.265,-5.698,22.082,4,237,0.000,"This compound has a N-S or N-O group and may undergo hydrolysis at high or low pH.",""
,"145955823.0","7718","295_145955823.0.1","2025-11-13 15:23:04","2025-11-13 15:23:04",,,,,,,"",,"","/home/db/Documentos/David_Hito2/Glide/docking_results/SP/1E9Z-glide-grid_995","docking_pv.maegz",170,"",,,"",,,,,,,,,,,,,,,,,,,,,,,"",,295,9040,false,0,2,51139,"W09IXVtOSF1DKD1PKVtDSDJdW0NIMl1bTkhdYzFbY0hdW2NIXWMoRilbY0hdW2NIXTE=","J2VwaWtfcHl0aG9uJywgJy1waHQnLCAnMC4wJywgJy1waCcsICc3LjAnLCAnLXRuJywgJzgnLCAnLW1hJywgJzIwMCcsICctaW1hZScsICc8aW5maWxlLm1hZT4nLCAnLW9tYWUnLCAnPG91dGZpbGUubWFlPic=",1.000,0.0043,0.0000,0.0043,0.0000,0.000,0,0,0,"OPLS3e",11.252,true,"145955823.0-1","glide-grid_995",290,6,-3.480,-0.249,-0.599,-0.956,-3.480,-1.510,0.000,0.000,-1.872,5.983,-12.443,1.658,-0.189,-3.320,-6.460,14.447,23,213,0.000,"This compound has a N-S or N-O group and may undergo hydrolysis at high or low pH.",""
,"72707603.0","7719","71_72707603.0.1","2025-11-13 15:23:04","2025-11-13 15:23:04",,,,,,,"",,"","/home/db/Documentos/David_Hito2/Glide/docking_results/SP/1E9Z-glide-grid_995","docking_pv.maegz",171,"",,,"",,,,,,,,,,,,,,,,,,,,,,,"",,71,8645,true,0,2,51139,"W09IXVtOSF1DKD1PKVtDSDJdW0NAQEhdKFtPSF0pYzFbY0hdW2NIXVtjSF1jKEYpW2NIXTE=","J2VwaWtfcHl0aG9uJywgJy1waHQnLCAnMC4wJywgJy1waCcsICc3LjAnLCAnLXRuJywgJzgnLCAnLW1hJywgJzIwMCcsICctaW1hZScsICc8aW5maWxlLm1hZT4nLCAnLW9tYWUnLCAnPG91dGZpbGUubWFlPic=",1.000,0.0062,0.0000,0.0062,0.0000,0.000,0,0,0,"OPLS3e",8.023,true,"72707603.0-1","glide-grid_995",71,6,-3.480,-0.249,-0.599,-0.956,-3.480,-1.744,0.000,0.000,-2.048,2.554,-6.663,1.233,-0.049,-1.552,-4.109,5.949,10,246,0.000,"This compound has a N-S or N-O group and may undergo hydrolysis at high or low pH.",""
,"145971740.0","7720","285_145971740.0.1","2025-11-13 15:23:04","2025-11-13 15:23:04",,,,,,,"",,"","/home/db/Documentos/David_Hito2/Glide/docking_results/SP/1E9Z-glide-grid_995","docking_pv.maegz",172,"",,,"",,,,,,,,,,,,,,,,,,,,,,,"",,285,19805,false,0,2,51139,"W09IXVtOSF1DKD1PKVtDSDJdW0NIMl1bTkhdYzFbY0hdW2NIXWMoQ2wpYyhDbClbY0hdMQ==","J2VwaWtfcHl0aG9uJywgJy1waHQnLCAnMC4wJywgJy1waCcsICc3LjAnLCAnLXRuJywgJzgnLCAnLW1hJywgJzIwMCcsICctaW1hZScsICc8aW5maWxlLm1hZT4nLCAnLW9tYWUnLCAnPG91dGZpbGUubWFlPic=",1.000,0.0035,0.0000,0.0035,0.0000,0.000,0,0,0,"OPLS3e",12.500,true,"145971740.0-1","glide-grid_995",280,6,-3.479,-0.232,-0.572,-0.938,-3.479,-1.978,-0.272,0.000,-0.901,-4.630,-7.832,1.127,-0.048,-12.036,-12.462,3.807,23,224,0.000,"This compound has a N-S or N-O group and may undergo hydrolysis at high or low pH.",""
,"155547948.0","7721","100_155547948.0.1","2025-11-13 15:23:04","2025-11-13 15:23:04",,,,,,,"",,"","/home/db/Documentos/David_Hito2/Glide/docking_results/SP/1E9Z-glide-grid_995","docking_pv.maegz",173,"",,,"",,,,,,,,,,,,,,,,,,,,,,,"",,100,89200,true,0,2,51139,"W0NIM11PYzFbY0hdW2NIXVtjSF1jKFtjSF0xKVtDQEBIXShbT0hdKVtDSDJdQyg9TylOKFtDSDNdKVtPSF0=","J2VwaWtfcHl0aG9uJywgJy1waHQnLCAnMC4wJywgJy1waCcsICc3LjAnLCAnLXRuJywgJzgnLCAnLW1hJywgJzIwMCcsICctaW1hZScsICc8aW5maWxlLm1hZT4nLCAnLW9tYWUnLCAnPG91dGZpbGUubWFlPic=",1.000,0.0063,0.0000,0.0063,0.0000,0.000,0,0,0,"OPLS3e",20.091,true,"155547948.0-1","glide-grid_995",100,7,-3.476,-0.217,-0.547,-0.921,-3.476,-1.851,0.000,0.000,-0.698,-5.800,-12.058,1.338,-0.165,-13.703,-17.858,9.519,23,24,0.000,"This compound has a N-S or N-O group and may undergo hydrolysis at high or low pH.",""
,"386822","7722","186_386822.1","2025-11-13 15:23:04","2025-11-13 15:23:04",,,,,,,"",,"","/home/db/Documentos/David_Hito2/Glide/docking_results/SP/1E9Z-glide-grid_995","docking_pv.maegz",174,"",,,"",,,,,,,,,,,,,,,,,,,,,,,"",,186,120000,false,0,2,51139,"W0NIM11DKD1PKVtOSF1bT0hd","J2VwaWtfcHl0aG9uJywgJy1waHQnLCAnMC4wJywgJy1waCcsICc3LjAnLCAnLXRuJywgJzgnLCAnLW1hJywgJzIwMCcsICctaW1hZScsICc8aW5maWxlLm1hZT4nLCAnLW9tYWUnLCAnPG91dGZpbGUubWFlPic=",1.000,0.0042,0.0000,0.0042,0.0000,0.000,0,0,0,"OPLS3e",0.553,true,"386822-1","glide-grid_995",181,2,-3.467,-0.693,-1.186,-1.329,-3.467,-0.085,-0.092,0.000,-2.250,-6.372,-4.007,0.000,-0.120,-14.937,-10.380,0.585,1,375,0.000,"This compound has a N-S or N-O group and may undergo hydrolysis at high or low pH.",""
,"145983154.0","7723","231_145983154.0.1","2025-11-13 15:23:04","2025-11-13 15:23:04",,,,,,,"",,"","/home/db/Documentos/David_Hito2/Glide/docking_results/SP/1E9Z-glide-grid_995","docking_pv.maegz",175,"",,,"",,,,,,,,,,,,,,,,,,,,,,,"",,231,1130,false,0,2,51139,"W09IXVtOSF1DKD1PKVtDSDJdW0NIMl1PYzFbY0hdW2NIXWMoRilbY0hdW2NIXTE=","J2VwaWtfcHl0aG9uJywgJy1waHQnLCAnMC4wJywgJy1waCcsICc3LjAnLCAnLXRuJywgJzgnLCAnLW1hJywgJzIwMCcsICctaW1hZScsICc8aW5maWxlLm1hZT4nLCAnLW9tYWUnLCAnPG91dGZpbGUubWFlPic=",1.000,0.0070,0.0000,0.0070,0.0000,0.000,0,0,0,"OPLS3e",9.111,true,"145983154.0-1","glide-grid_995",226,6,-3.466,-0.248,-0.597,-0.952,-3.466,-1.789,0.000,0.000,-1.993,7.620,-10.049,1.645,-0.202,0.738,-2.428,13.969,7,272,0.000,"This compound has a N-S or N-O group and may undergo hydrolysis at high or low pH.",""
,"386822","7724","186_386822.1","2025-11-13 15:23:04","2025-11-13 15:23:04",,,,,,,"",,"","/home/db/Documentos/David_Hito2/Glide/docking_results/SP/1E9Z-glide-grid_995","docking_pv.maegz",176,"",,,"",,,,,,,,,,,,,,,,,,,,,,,"",,186,120000,false,0,2,51139,"W0NIM11DKD1PKVtOSF1bT0hd","J2VwaWtfcHl0aG9uJywgJy1waHQnLCAnMC4wJywgJy1waCcsICc3LjAnLCAnLXRuJywgJzgnLCAnLW1hJywgJzIwMCcsICctaW1hZScsICc8aW5maWxlLm1hZT4nLCAnLW9tYWUnLCAnPG91dGZpbGUubWFlPic=",1.000,0.0042,0.0000,0.0042,0.0000,0.000,0,0,0,"OPLS3e",0.553,true,"386822-1","glide-grid_995",181,2,-3.460,-0.692,-1.183,-1.326,-3.460,-0.330,0.000,0.000,-2.250,-11.746,-1.954,0.000,0.000,-18.509,-13.700,0.064,1,99,0.000,"This compound has a N-S or N-O group and may undergo hydrolysis at high or low pH.",""
,"155547948.0","7725","100_155547948.0.1","2025-11-13 15:23:04","2025-11-13 15:23:04",,,,,,,"",,"","/home/db/Documentos/David_Hito2/Glide/docking_results/SP/1E9Z-glide-grid_995","docking_pv.maegz",177,"",,,"",,,,,,,,,,,,,,,,,,,,,,,"",,100,89200,true,0,2,51139,"W0NIM11PYzFbY0hdW2NIXVtjSF1jKFtjSF0xKVtDQEBIXShbT0hdKVtDSDJdQyg9TylOKFtDSDNdKVtPSF0=","J2VwaWtfcHl0aG9uJywgJy1waHQnLCAnMC4wJywgJy1waCcsICc3LjAnLCAnLXRuJywgJzgnLCAnLW1hJywgJzIwMCcsICctaW1hZScsICc8aW5maWxlLm1hZT4nLCAnLW9tYWUnLCAnPG91dGZpbGUubWFlPic=",1.000,0.0063,0.0000,0.0063,0.0000,0.000,0,0,0,"OPLS3e",20.091,true,"155547948.0-1","glide-grid_995",100,7,-3.457,-0.216,-0.544,-0.916,-3.457,-1.848,0.000,0.000,-0.709,-5.551,-11.957,1.338,-0.166,-13.877,-17.508,8.495,23,185,0.000,"This compound has a N-S or N-O group and may undergo hydrolysis at high or low pH.",""
,"130723063.0","7726","241_130723063.0.1","2025-11-13 15:23:04","2025-11-13 15:23:04",,,,,,,"",,"","/home/db/Documentos/David_Hito2/Glide/docking_results/SP/1E9Z-glide-grid_995","docking_pv.maegz",178,"",,,"",,,,,,,,,,,,,,,,,,,,,,,"",,241,121500,false,0,2,51139,"W09IXVtOSF1DKD1PKVtDSDJdT2MxW2NIXVtjSF1bY0hdW2NIXWMxRg==","J2VwaWtfcHl0aG9uJywgJy1waHQnLCAnMC4wJywgJy1waCcsICc3LjAnLCAnLXRuJywgJzgnLCAnLW1hJywgJzIwMCcsICctaW1hZScsICc8aW5maWxlLm1hZT4nLCAnLW9tYWUnLCAnPG91dGZpbGUubWFlPic=",1.000,0.0172,0.0000,0.0172,0.0000,0.000,0,0,0,"OPLS3e",13.476,true,"130723063.0-1","glide-grid_995",236,5,-3.457,-0.266,-0.625,-0.970,-3.457,-1.858,0.000,0.000,-2.107,-4.081,-3.922,1.392,-0.091,-4.621,-8.002,7.190,13,90,0.000,"This compound has a N-S or N-O group and may undergo hydrolysis at high or low pH.",""
,"145974348.0","7727","270_145974348.0.1","2025-11-13 15:23:04","2025-11-13 15:23:04",,,,,,,"",,"","/home/db/Documentos/David_Hito2/Glide/docking_results/SP/1E9Z-glide-grid_995","docking_pv.maegz",179,"",,,"",,,,,,,,,,,,,,,,,,,,,,,"",,270,8515,false,0,2,51139,"W09IXVtOSF1DKD1PKVtDSDJdW05IXWMxW2NIXWMoQ2wpW2NIXWMoQ2wpW2NIXTE=","J2VwaWtfcHl0aG9uJywgJy1waHQnLCAnMC4wJywgJy1waCcsICc3LjAnLCAnLXRuJywgJzgnLCAnLW1hJywgJzIwMCcsICctaW1hZScsICc8aW5maWxlLm1hZT4nLCAnLW9tYWUnLCAnPG91dGZpbGUubWFlPic=",1.000,0.0036,0.0000,0.0036,0.0000,0.000,0,0,0,"OPLS3e",15.651,true,"145974348.0-1","glide-grid_995",265,5,-3.456,-0.247,-0.595,-0.950,-3.456,-1.605,0.000,0.000,-1.146,11.390,-13.771,0.933,-0.142,-4.959,-2.382,6.052,17,348,0.000,"This compound has a N-S or N-O group and may undergo hydrolysis at high or low pH.",""
,"386822","7728","186_386822.1","2025-11-13 15:23:04","2025-11-13 15:23:04",,,,,,,"",,"","/home/db/Documentos/David_Hito2/Glide/docking_results/SP/1E9Z-glide-grid_995","docking_pv.maegz",180,"",,,"",,,,,,,,,,,,,,,,,,,,,,,"",,186,120000,false,0,2,51139,"W0NIM11DKD1PKVtOSF1bT0hd","J2VwaWtfcHl0aG9uJywgJy1waHQnLCAnMC4wJywgJy1waCcsICc3LjAnLCAnLXRuJywgJzgnLCAnLW1hJywgJzIwMCcsICctaW1hZScsICc8aW5maWxlLm1hZT4nLCAnLW9tYWUnLCAnPG91dGZpbGUubWFlPic=",1.000,0.0042,0.0000,0.0042,0.0000,0.000,0,0,0,"OPLS3e",0.553,true,"386822-1","glide-grid_995",181,2,-3.450,-0.690,-1.180,-1.322,-3.450,-0.330,0.000,0.000,-2.250,-6.194,-3.121,0.000,-0.092,-14.130,-9.314,0.021,1,249,0.000,"This compound has a N-S or N-O group and may undergo hydrolysis at high or low pH.",""
,"386822","7729","186_386822.1","2025-11-13 15:23:04","2025-11-13 15:23:04",,,,,,,"",,"","/home/db/Documentos/David_Hito2/Glide/docking_results/SP/1E9Z-glide-grid_995","docking_pv.maegz",181,"",,,"",,,,,,,,,,,,,,,,,,,,,,,"",,186,120000,false,0,2,51139,"W0NIM11DKD1PKVtOSF1bT0hd","J2VwaWtfcHl0aG9uJywgJy1waHQnLCAnMC4wJywgJy1waCcsICc3LjAnLCAnLXRuJywgJzgnLCAnLW1hJywgJzIwMCcsICctaW1hZScsICc8aW5maWxlLm1hZT4nLCAnLW9tYWUnLCAnPG91dGZpbGUubWFlPic=",1.000,0.0042,0.0000,0.0042,0.0000,0.000,0,0,0,"OPLS3e",0.553,true,"386822-1","glide-grid_995",181,2,-3.446,-0.689,-1.178,-1.320,-3.446,-0.241,0.000,0.000,-2.244,-4.786,-4.415,0.000,-0.059,-12.551,-9.201,2.905,1,381,0.000,"This compound has a N-S or N-O group and may undergo hydrolysis at high or low pH.",""
,"145951194.0","7730","281_145951194.0.1","2025-11-13 15:23:04","2025-11-13 15:23:04",,,,,,,"",,"","/home/db/Documentos/David_Hito2/Glide/docking_results/SP/1E9Z-glide-grid_995","docking_pv.maegz",182,"",,,"",,,,,,,,,,,,,,,,,,,,,,,"",,281,79,false,0,2,51139,"W09IXVtOSF1DKD1PKVtDSDJdW0NIMl1bTkhdYzFbY0hdW2NIXWMoQ2wpW2NIXWMxQ2w=","J2VwaWtfcHl0aG9uJywgJy1waHQnLCAnMC4wJywgJy1waCcsICc3LjAnLCAnLXRuJywgJzgnLCAnLW1hJywgJzIwMCcsICctaW1hZScsICc8aW5maWxlLm1hZT4nLCAnLW9tYWUnLCAnPG91dGZpbGUubWFlPic=",1.000,0.0035,0.0000,0.0035,0.0000,0.000,0,0,0,"OPLS3e",14.501,true,"145951194.0-1","glide-grid_995",276,6,-3.443,-0.230,-0.566,-0.929,-3.443,-2.062,-0.046,0.000,-1.711,-5.722,-2.637,1.127,-0.070,-4.497,-8.359,15.899,8,24,0.000,"This compound has a N-S or N-O group and may undergo hydrolysis at high or low pH.",""
,"130677882.0","7731","240_130677882.0.1","2025-11-13 15:23:04","2025-11-13 15:23:04",,,,,,,"",,"","/home/db/Documentos/David_Hito2/Glide/docking_results/SP/1E9Z-glide-grid_995","docking_pv.maegz",183,"",,,"",,,,,,,,,,,,,,,,,,,,,,,"",,240,153600,false,0,2,51139,"W0NIM11jMVtjSF1bY0hdW2NIXVtjSF1jMU9bQ0gyXUMoPU8pW05IXVtPSF0=","J2VwaWtfcHl0aG9uJywgJy1waHQnLCAnMC4wJywgJy1waCcsICc3LjAnLCAnLXRuJywgJzgnLCAnLW1hJywgJzIwMCcsICctaW1hZScsICc8aW5maWxlLm1hZT4nLCAnLW9tYWUnLCAnPG91dGZpbGUubWFlPic=",1.000,0.0172,0.0000,0.0172,0.0000,0.000,0,0,0,"OPLS3e",11.281,true,"130677882.0-1","glide-grid_995",235,5,-3.441,-0.265,-0.622,-0.965,-3.441,-1.857,0.000,0.000,-2.064,3.262,-9.712,1.924,-0.150,-5.170,-6.450,5.602,6,326,0.000,"This compound has a N-S or N-O group and may undergo hydrolysis at high or low pH.",""
,"145958008.0","7732","280_145958008.0.1","2025-11-13 15:23:04","2025-11-13 15:23:04",,,,,,,"",,"","/home/db/Documentos/David_Hito2/Glide/docking_results/SP/1E9Z-glide-grid_995","docking_pv.maegz",184,"",,,"",,,,,,,,,,,,,,,,,,,,,,,"",,280,2982,false,0,2,51139,"W09IXVtOSF1DKD1PKVtDSDJdW0NIMl1bTkhdYzFbY0hdW2NIXVtjSF1bY0hdYzFDbA==","J2VwaWtfcHl0aG9uJywgJy1waHQnLCAnMC4wJywgJy1waCcsICc3LjAnLCAnLXRuJywgJzgnLCAnLW1hJywgJzIwMCcsICctaW1hZScsICc8aW5maWxlLm1hZT4nLCAnLW9tYWUnLCAnPG91dGZpbGUubWFlPic=",1.000,0.0035,0.0000,0.0035,0.0000,0.000,0,0,0,"OPLS3e",15.802,true,"145958008.0-1","glide-grid_995",275,6,-3.437,-0.245,-0.592,-0.944,-3.437,-1.643,-0.320,0.000,-1.946,1.744,-6.968,1.451,-0.021,3.528,-5.225,20.155,4,239,0.000,"This compound has a N-S or N-O group and may undergo hydrolysis at high or low pH.",""
,"145954976.0","7733","287_145954976.0.1","2025-11-13 15:23:04","2025-11-13 15:23:04",,,,,,,"",,"","/home/db/Documentos/David_Hito2/Glide/docking_results/SP/1E9Z-glide-grid_995","docking_pv.maegz",185,"",,,"",,,,,,,,,,,,,,,,,,,,,,,"",,287,66100,false,0,2,51139,"W09IXVtOSF1DKD1PKVtDSDJdW05IXWMxW2NIXVtjSF1jKENsKVtjSF1jMUNs","J2VwaWtfcHl0aG9uJywgJy1waHQnLCAnMC4wJywgJy1waCcsICc3LjAnLCAnLXRuJywgJzgnLCAnLW1hJywgJzIwMCcsICctaW1hZScsICc8aW5maWxlLm1hZT4nLCAnLW9tYWUnLCAnPG91dGZpbGUubWFlPic=",1.000,0.0036,0.0000,0.0036,0.0000,0.000,0,0,0,"OPLS3e",19.465,true,"145954976.0-1","glide-grid_995",282,5,-3.434,-0.245,-0.591,-0.944,-3.434,-2.212,0.000,0.000,-1.725,-7.959,0.128,0.933,-0.052,-4.614,-7.830,12.096,16,144,0.000,"This compound has a N-S or N-O group and may undergo hydrolysis at high or low pH.",""
,"95562486.0","7734","243_95562486.0.1","2025-11-13 15:23:04","2025-11-13 15:23:04",,,,,,,"",,"","/home/db/Documentos/David_Hito2/Glide/docking_results/SP/1E9Z-glide-grid_995","docking_pv.maegz",186,"",,,"",,,,,,,,,,,,,,,,,,,,,,,"",,243,78500,false,0,2,51139,"W09IXVtOSF1DKD1PKVtDSDJdT2MxW2NIXVtjSF1bY0hdW2NIXWMxQ2w=","J2VwaWtfcHl0aG9uJywgJy1waHQnLCAnMC4wJywgJy1waCcsICc3LjAnLCAnLXRuJywgJzgnLCAnLW1hJywgJzIwMCcsICctaW1hZScsICc8aW5maWxlLm1hZT4nLCAnLW9tYWUnLCAnPG91dGZpbGUubWFlPic=",1.000,0.0172,0.0000,0.0172,0.0000,0.000,0,0,0,"OPLS3e",12.887,true,"95562486.0-1","glide-grid_995",238,5,-3.430,-0.264,-0.620,-0.962,-3.430,-1.456,-0.241,0.000,-2.011,0.914,-6.505,1.209,0.000,-5.328,-5.591,4.307,4,366,0.000,"This compound has a N-S or N-O group and may undergo hydrolysis at high or low pH.",""
,"145958315.0","7735","279_145958315.0.1","2025-11-13 15:23:04","2025-11-13 15:23:04",,,,,,,"",,"","/home/db/Documentos/David_Hito2/Glide/docking_results/SP/1E9Z-glide-grid_995","docking_pv.maegz",187,"",,,"",,,,,,,,,,,,,,,,,,,,,,,"",,279,5110,false,0,2,51139,"W09IXVtOSF1DKD1PKVtDSDJdW05IXWMxW2NIXWMoRilbY0hdYyhGKVtjSF0x","J2VwaWtfcHl0aG9uJywgJy1waHQnLCAnMC4wJywgJy1waCcsICc3LjAnLCAnLXRuJywgJzgnLCAnLW1hJywgJzIwMCcsICctaW1hZScsICc8aW5maWxlLm1hZT4nLCAnLW9tYWUnLCAnPG91dGZpbGUubWFlPic=",1.000,0.0036,0.0000,0.0036,0.0000,0.000,0,0,0,"OPLS3e",12.740,true,"145958315.0-1","glide-grid_995",274,5,-3.428,-0.245,-0.590,-0.942,-3.428,-1.483,-0.329,0.000,-1.778,1.532,-7.295,1.203,-0.023,-5.212,-5.763,5.191,9,391,0.000,"This compound has a N-S or N-O group and may undergo hydrolysis at high or low pH.",""
,"129928412.0","7736","286_129928412.0.1","2025-11-13 15:23:04","2025-11-13 15:23:04",,,,,,,"",,"","/home/db/Documentos/David_Hito2/Glide/docking_results/SP/1E9Z-glide-grid_995","docking_pv.maegz",188,"",,,"",,,,,,,,,,,,,,,,,,,,,,,"",,286,7410,false,0,2,51139,"W09IXVtOSF1DKD1PKVtDSDJdW05IXWMxW2NIXVtjSF1jKEYpW2NIXVtjSF0x","J2VwaWtfcHl0aG9uJywgJy1waHQnLCAnMC4wJywgJy1waCcsICc3LjAnLCAnLXRuJywgJzgnLCAnLW1hJywgJzIwMCcsICctaW1hZScsICc8aW5maWxlLm1hZT4nLCAnLW9tYWUnLCAnPG91dGZpbGUubWFlPic=",1.000,0.0038,0.0000,0.0038,0.0000,0.000,0,0,0,"OPLS3e",16.003,true,"129928412.0-1","glide-grid_995",281,5,-3.421,-0.263,-0.619,-0.960,-3.421,-1.518,0.000,0.000,-2.152,-0.048,-7.399,1.404,-0.043,-8.191,-7.447,9.605,15,281,0.000,"This compound has a N-S or N-O group and may undergo hydrolysis at high or low pH.",""
,"22716931.0","7737","296_22716931.0.1","2025-11-13 15:23:04","2025-11-13 15:23:04",,,,,,,"",,"","/home/db/Documentos/David_Hito2/Glide/docking_results/SP/1E9Z-glide-grid_995","docking_pv.maegz",189,"",,,"",,,,,,,,,,,,,,,,,,,,,,,"",,296,4670,false,0,2,51139,"W09IXVtOSF1DKD1PKVtDSDJdW05IXWMxW2NIXVtjSF1bY0hdW2NIXVtjSF0x","J2VwaWtfcHl0aG9uJywgJy1waHQnLCAnMC4wJywgJy1waCcsICc3LjAnLCAnLXRuJywgJzgnLCAnLW1hJywgJzIwMCcsICctaW1hZScsICc8aW5maWxlLm1hZT4nLCAnLW9tYWUnLCAnPG91dGZpbGUubWFlPic=",1.000,0.0037,0.0000,0.0037,0.0000,0.000,0,0,0,"OPLS3e",16.715,true,"22716931.0-1","glide-grid_995",291,5,-3.415,-0.285,-0.652,-0.980,-3.415,-1.578,0.000,0.000,-2.060,-5.742,-7.170,1.662,-0.076,-13.823,-12.912,7.177,2,141,0.000,"This compound has a N-S or N-O group and may undergo hydrolysis at high or low pH.",""
,"130723063.0","7738","241_130723063.0.1","2025-11-13 15:23:04","2025-11-13 15:23:04",,,,,,,"",,"","/home/db/Documentos/David_Hito2/Glide/docking_results/SP/1E9Z-glide-grid_995","docking_pv.maegz",190,"",,,"",,,,,,,,,,,,,,,,,,,,,,,"",,241,121500,false,0,2,51139,"W09IXVtOSF1DKD1PKVtDSDJdT2MxW2NIXVtjSF1bY0hdW2NIXWMxRg==","J2VwaWtfcHl0aG9uJywgJy1waHQnLCAnMC4wJywgJy1waCcsICc3LjAnLCAnLXRuJywgJzgnLCAnLW1hJywgJzIwMCcsICctaW1hZScsICc8aW5maWxlLm1hZT4nLCAnLW9tYWUnLCAnPG91dGZpbGUubWFlPic=",1.000,0.0172,0.0000,0.0172,0.0000,0.000,0,0,0,"OPLS3e",13.476,true,"130723063.0-1","glide-grid_995",236,5,-3.414,-0.263,-0.617,-0.958,-3.414,-1.817,-0.091,0.000,-2.144,3.410,-5.628,1.392,-0.080,0.270,-2.218,5.605,12,255,0.000,"This compound has a N-S or N-O group and may undergo hydrolysis at high or low pH.",""
,"95562486.0","7739","243_95562486.0.1","2025-11-13 15:23:04","2025-11-13 15:23:04",,,,,,,"",,"","/home/db/Documentos/David_Hito2/Glide/docking_results/SP/1E9Z-glide-grid_995","docking_pv.maegz",191,"",,,"",,,,,,,,,,,,,,,,,,,,,,,"",,243,78500,false,0,2,51139,"W09IXVtOSF1DKD1PKVtDSDJdT2MxW2NIXVtjSF1bY0hdW2NIXWMxQ2w=","J2VwaWtfcHl0aG9uJywgJy1waHQnLCAnMC4wJywgJy1waCcsICc3LjAnLCAnLXRuJywgJzgnLCAnLW1hJywgJzIwMCcsICctaW1hZScsICc8aW5maWxlLm1hZT4nLCAnLW9tYWUnLCAnPG91dGZpbGUubWFlPic=",1.000,0.0172,0.0000,0.0172,0.0000,0.000,0,0,0,"OPLS3e",12.887,true,"95562486.0-1","glide-grid_995",238,5,-3.403,-0.262,-0.615,-0.954,-3.403,-2.140,0.000,0.000,-1.938,-7.372,-0.739,1.209,-0.054,-6.544,-8.111,6.468,6,372,0.000,"This compound has a N-S or N-O group and may undergo hydrolysis at high or low pH.",""
,"3252458.0","7740","242_3252458.0.1","2025-11-13 15:23:04","2025-11-13 15:23:04",,,,,,,"",,"","/home/db/Documentos/David_Hito2/Glide/docking_results/SP/1E9Z-glide-grid_995","docking_pv.maegz",192,"",,,"",,,,,,,,,,,,,,,,,,,,,,,"",,242,131200,false,0,2,51139,"W09IXVtOSF1DKD1PKVtDSDJdT2MxW2NIXVtjSF1bY0hdW2NIXVtjSF0x","J2VwaWtfcHl0aG9uJywgJy1waHQnLCAnMC4wJywgJy1waCcsICc3LjAnLCAnLXRuJywgJzgnLCAnLW1hJywgJzIwMCcsICctaW1hZScsICc8aW5maWxlLm1hZT4nLCAnLW9tYWUnLCAnPG91dGZpbGUubWFlPic=",1.000,0.0172,0.0000,0.0172,0.0000,0.000,0,0,0,"OPLS3e",16.996,true,"3252458.0-1","glide-grid_995",237,5,-3.402,-0.284,-0.649,-0.976,-3.402,-1.506,0.000,0.000,-2.230,-5.485,-6.822,1.646,-0.014,-13.447,-12.307,7.016,15,240,0.000,"This compound has a N-S or N-O group and may undergo hydrolysis at high or low pH.",""
,"145984703.0","7741","244_145984703.0.1","2025-11-13 15:23:04","2025-11-13 15:23:04",,,,,,,"",,"","/home/db/Documentos/David_Hito2/Glide/docking_results/SP/1E9Z-glide-grid_995","docking_pv.maegz",193,"",,,"",,,,,,,,,,,,,,,,,,,,,,,"",,244,9020,false,0,2,51139,"W09IXVtOSF1DKD1PKVtDSDJdT2MxW2NIXWMoQ2wpW2NIXVtjSF1jMUNs","J2VwaWtfcHl0aG9uJywgJy1waHQnLCAnMC4wJywgJy1waCcsICc3LjAnLCAnLXRuJywgJzgnLCAnLW1hJywgJzIwMCcsICctaW1hZScsICc8aW5maWxlLm1hZT4nLCAnLW9tYWUnLCAnPG91dGZpbGUubWFlPic=",1.000,0.0172,0.0000,0.0172,0.0000,0.000,0,0,0,"OPLS3e",11.573,true,"145984703.0-1","glide-grid_995",239,5,-3.400,-0.243,-0.585,-0.934,-3.400,-2.186,0.000,0.000,-1.689,-4.867,-0.844,0.927,-0.082,-1.447,-5.711,9.851,6,204,0.000,"This compound has a N-S or N-O group and may undergo hydrolysis at high or low pH.",""
,"145971740.0","7742","285_145971740.0.1","2025-11-13 15:23:04","2025-11-13 15:23:04",,,,,,,"",,"","/home/db/Documentos/David_Hito2/Glide/docking_results/SP/1E9Z-glide-grid_995","docking_pv.maegz",194,"",,,"",,,,,,,,,,,,,,,,,,,,,,,"",,285,19805,false,0,2,51139,"W09IXVtOSF1DKD1PKVtDSDJdW0NIMl1bTkhdYzFbY0hdW2NIXWMoQ2wpYyhDbClbY0hdMQ==","J2VwaWtfcHl0aG9uJywgJy1waHQnLCAnMC4wJywgJy1waCcsICc3LjAnLCAnLXRuJywgJzgnLCAnLW1hJywgJzIwMCcsICctaW1hZScsICc8aW5maWxlLm1hZT4nLCAnLW9tYWUnLCAnPG91dGZpbGUubWFlPic=",1.000,0.0035,0.0000,0.0035,0.0000,0.000,0,0,0,"OPLS3e",12.500,true,"145971740.0-1","glide-grid_995",280,6,-3.388,-0.226,-0.557,-0.914,-3.388,-1.871,-0.255,0.000,-1.700,5.200,-6.115,1.127,-0.032,0.992,-0.915,11.135,21,44,0.000,"This compound has a N-S or N-O group and may undergo hydrolysis at high or low pH.",""
,"72707668.0","7743","61_72707668.0.1","2025-11-13 15:23:04","2025-11-13 15:23:04",,,,,,,"",,"","/home/db/Documentos/David_Hito2/Glide/docking_results/SP/1E9Z-glide-grid_995","docking_pv.maegz",195,"",,,"",,,,,,,,,,,,,,,,,,,,,,,"",,61,8010,true,0,2,51139,"W09IXVtOSF1DKD1PKVtDSDJdW0NAQEhdKFtPSF0pYzFbY0hdW2NIXWMoRilbY0hdW2NIXTE=","J2VwaWtfcHl0aG9uJywgJy1waHQnLCAnMC4wJywgJy1waCcsICc3LjAnLCAnLXRuJywgJzgnLCAnLW1hJywgJzIwMCcsICctaW1hZScsICc8aW5maWxlLm1hZT4nLCAnLW9tYWUnLCAnPG91dGZpbGUubWFlPic=",1.000,0.0062,0.0000,0.0062,0.0000,0.000,0,0,0,"OPLS3e",5.746,true,"72707668.0-1","glide-grid_995",61,6,-3.385,-0.242,-0.583,-0.930,-3.385,-2.001,-0.113,0.000,-2.050,2.839,-3.123,1.233,-0.127,0.410,-0.284,5.182,10,350,0.000,"This compound has a N-S or N-O group and may undergo hydrolysis at high or low pH.",""
,"145985446.0","7744","236_145985446.0.1","2025-11-13 15:23:04","2025-11-13 15:23:04",,,,,,,"",,"","/home/db/Documentos/David_Hito2/Glide/docking_results/SP/1E9Z-glide-grid_995","docking_pv.maegz",196,"",,,"",,,,,,,,,,,,,,,,,,,,,,,"",,236,13100,false,0,2,51139,"W09IXVtOSF1DKD1PKVtDSDJdW0NIMl1PYzFbY0hdYyhDbClbY0hdW2NIXWMxQ2w=","J2VwaWtfcHl0aG9uJywgJy1waHQnLCAnMC4wJywgJy1waCcsICc3LjAnLCAnLXRuJywgJzgnLCAnLW1hJywgJzIwMCcsICctaW1hZScsICc8aW5maWxlLm1hZT4nLCAnLW9tYWUnLCAnPG91dGZpbGUubWFlPic=",1.000,0.0075,0.0000,0.0075,0.0000,0.000,0,0,0,"OPLS3e",10.150,true,"145985446.0-1","glide-grid_995",231,6,-3.379,-0.225,-0.556,-0.911,-3.379,-2.208,-0.059,0.000,-1.701,-2.948,-1.993,1.119,-0.084,-1.044,-4.941,10.386,4,356,0.000,"This compound has a N-S or N-O group and may undergo hydrolysis at high or low pH.",""
,"3252458.0","7745","242_3252458.0.1","2025-11-13 15:23:04","2025-11-13 15:23:04",,,,,,,"",,"","/home/db/Documentos/David_Hito2/Glide/docking_results/SP/1E9Z-glide-grid_995","docking_pv.maegz",197,"",,,"",,,,,,,,,,,,,,,,,,,,,,,"",,242,131200,false,0,2,51139,"W09IXVtOSF1DKD1PKVtDSDJdT2MxW2NIXVtjSF1bY0hdW2NIXVtjSF0x","J2VwaWtfcHl0aG9uJywgJy1waHQnLCAnMC4wJywgJy1waCcsICc3LjAnLCAnLXRuJywgJzgnLCAnLW1hJywgJzIwMCcsICctaW1hZScsICc8aW5maWxlLm1hZT4nLCAnLW9tYWUnLCAnPG91dGZpbGUubWFlPic=",1.000,0.0172,0.0000,0.0172,0.0000,0.000,0,0,0,"OPLS3e",16.996,true,"3252458.0-1","glide-grid_995",237,5,-3.375,-0.281,-0.644,-0.969,-3.375,-1.829,0.000,0.000,-2.246,-2.481,-5.046,1.646,-0.065,-7.776,-7.527,8.814,7,41,0.000,"This compound has a N-S or N-O group and may undergo hydrolysis at high or low pH.",""
,"24990996.0","7746","253_24990996.0.1","2025-11-13 15:23:04","2025-11-13 15:23:04",,,,,,,"",,"","/home/db/Documentos/David_Hito2/Glide/docking_results/SP/1E9Z-glide-grid_995","docking_pv.maegz",198,"",,,"",,,,,,,,,,,,,,,,,,,,,,,"",,253,18900,false,0,2,51139,"W09IXVtOSF1DKD1PKVtDSDJdT2MxW2NIXVtjSF1jKEYpW2NIXVtjSF0x","J2VwaWtfcHl0aG9uJywgJy1waHQnLCAnMC4wJywgJy1waCcsICc3LjAnLCAnLXRuJywgJzgnLCAnLW1hJywgJzIwMCcsICctaW1hZScsICc8aW5maWxlLm1hZT4nLCAnLW9tYWUnLCAnPG91dGZpbGUubWFlPic=",1.000,0.0172,0.0000,0.0172,0.0000,0.000,0,0,0,"OPLS3e",15.782,true,"24990996.0-1","glide-grid_995",248,5,-3.375,-0.260,-0.610,-0.947,-3.375,-1.523,0.000,0.000,-2.126,-0.914,-6.870,1.392,-0.041,-8.208,-7.783,7.522,7,360,0.000,"This compound has a N-S or N-O group and may undergo hydrolysis at high or low pH.",""
,"145959872.0","7747","301_145959872.0.1","2025-11-13 15:23:04","2025-11-13 15:23:04",,,,,,,"",,"","/home/db/Documentos/David_Hito2/Glide/docking_results/SP/1E9Z-glide-grid_995","docking_pv.maegz",199,"",,,"",,,,,,,,,,,,,,,,,,,,,,,"",,301,7315,false,0,2,51139,"W09IXVtOSF1DKD1PKVtDSDJdW0NIMl1bTkhdYzFbY0hdW2NIXVtjSF1bY0hdYzFCcg==","J2VwaWtfcHl0aG9uJywgJy1waHQnLCAnMC4wJywgJy1waCcsICc3LjAnLCAnLXRuJywgJzgnLCAnLW1hJywgJzIwMCcsICctaW1hZScsICc8aW5maWxlLm1hZT4nLCAnLW9tYWUnLCAnPG91dGZpbGUubWFlPic=",1.000,0.0035,0.0000,0.0035,0.0000,0.000,0,0,0,"OPLS3e",15.231,true,"145959872.0-1","glide-grid_995",296,6,-3.370,-0.241,-0.580,-0.926,-3.370,-1.463,0.000,0.000,-1.540,5.909,-10.826,1.053,-0.092,-6.879,-4.917,9.003,5,103,0.000,"This compound has a N-S or N-O group and may undergo hydrolysis at high or low pH.",""
,"145983154.0","7748","231_145983154.0.1","2025-11-13 15:23:04","2025-11-13 15:23:04",,,,,,,"",,"","/home/db/Documentos/David_Hito2/Glide/docking_results/SP/1E9Z-glide-grid_995","docking_pv.maegz",200,"",,,"",,,,,,,,,,,,,,,,,,,,,,,"",,231,1130,false,0,2,51139,"W09IXVtOSF1DKD1PKVtDSDJdW0NIMl1PYzFbY0hdW2NIXWMoRilbY0hdW2NIXTE=","J2VwaWtfcHl0aG9uJywgJy1waHQnLCAnMC4wJywgJy1waCcsICc3LjAnLCAnLXRuJywgJzgnLCAnLW1hJywgJzIwMCcsICctaW1hZScsICc8aW5maWxlLm1hZT4nLCAnLW9tYWUnLCAnPG91dGZpbGUubWFlPic=",1.000,0.0070,0.0000,0.0070,0.0000,0.000,0,0,0,"OPLS3e",9.111,true,"145983154.0-1","glide-grid_995",226,6,-3.370,-0.241,-0.580,-0.926,-3.370,-1.813,0.000,0.000,-1.831,9.464,-11.202,1.645,-0.163,-0.147,-1.737,9.670,5,315,0.000,"This compound has a N-S or N-O group and may undergo hydrolysis at high or low pH.",""
,"3252458.0","7749","242_3252458.0.1","2025-11-13 15:23:04","2025-11-13 15:23:04",,,,,,,"",,"","/home/db/Documentos/David_Hito2/Glide/docking_results/SP/1E9Z-glide-grid_995","docking_pv.maegz",201,"",,,"",,,,,,,,,,,,,,,,,,,,,,,"",,242,131200,false,0,2,51139,"W09IXVtOSF1DKD1PKVtDSDJdT2MxW2NIXVtjSF1bY0hdW2NIXVtjSF0x","J2VwaWtfcHl0aG9uJywgJy1waHQnLCAnMC4wJywgJy1waCcsICc3LjAnLCAnLXRuJywgJzgnLCAnLW1hJywgJzIwMCcsICctaW1hZScsICc8aW5maWxlLm1hZT4nLCAnLW9tYWUnLCAnPG91dGZpbGUubWFlPic=",1.000,0.0172,0.0000,0.0172,0.0000,0.000,0,0,0,"OPLS3e",16.996,true,"3252458.0-1","glide-grid_995",237,5,-3.366,-0.281,-0.642,-0.966,-3.366,-1.842,0.000,0.000,-1.726,-2.172,-8.312,1.646,-0.089,-9.108,-10.484,9.071,7,244,0.000,"This compound has a N-S or N-O group and may undergo hydrolysis at high or low pH.",""
,"129928412.0","7750","286_129928412.0.1","2025-11-13 15:23:04","2025-11-13 15:23:04",,,,,,,"",,"","/home/db/Documentos/David_Hito2/Glide/docking_results/SP/1E9Z-glide-grid_995","docking_pv.maegz",202,"",,,"",,,,,,,,,,,,,,,,,,,,,,,"",,286,7410,false,0,2,51139,"W09IXVtOSF1DKD1PKVtDSDJdW05IXWMxW2NIXVtjSF1jKEYpW2NIXVtjSF0x","J2VwaWtfcHl0aG9uJywgJy1waHQnLCAnMC4wJywgJy1waCcsICc3LjAnLCAnLXRuJywgJzgnLCAnLW1hJywgJzIwMCcsICctaW1hZScsICc8aW5maWxlLm1hZT4nLCAnLW9tYWUnLCAnPG91dGZpbGUubWFlPic=",1.000,0.0038,0.0000,0.0038,0.0000,0.000,0,0,0,"OPLS3e",16.003,true,"129928412.0-1","glide-grid_995",281,5,-3.361,-0.259,-0.608,-0.943,-3.361,-1.524,0.000,0.000,-1.942,-3.796,-6.661,1.404,-0.110,-11.738,-10.457,7.134,2,64,0.000,"This compound has a N-S or N-O group and may undergo hydrolysis at high or low pH.",""
,"59336415.0","7751","251_59336415.0.1","2025-11-13 15:23:04","2025-11-13 15:23:04",,,,,,,"",,"","/home/db/Documentos/David_Hito2/Glide/docking_results/SP/1E9Z-glide-grid_995","docking_pv.maegz",203,"",,,"",,,,,,,,,,,,,,,,,,,,,,,"",,251,57100,false,0,2,51139,"W0NIM11jMVtjSF1bY0hdYyhbY0hdW2NIXTEpT1tDSDJdQyg9TylbTkhdW09IXQ==","J2VwaWtfcHl0aG9uJywgJy1waHQnLCAnMC4wJywgJy1waCcsICc3LjAnLCAnLXRuJywgJzgnLCAnLW1hJywgJzIwMCcsICctaW1hZScsICc8aW5maWxlLm1hZT4nLCAnLW9tYWUnLCAnPG91dGZpbGUubWFlPic=",1.000,0.0172,0.0000,0.0172,0.0000,0.000,0,0,0,"OPLS3e",10.143,true,"59336415.0-1","glide-grid_995",246,5,-3.361,-0.259,-0.608,-0.943,-3.361,-2.127,-0.304,0.000,-1.742,-6.057,-5.301,1.924,-0.013,-8.546,-11.357,8.094,23,356,0.000,"This compound has a N-S or N-O group and may undergo hydrolysis at high or low pH.",""
,"72707668.0","7752","61_72707668.0.1","2025-11-13 15:23:04","2025-11-13 15:23:04",,,,,,,"",,"","/home/db/Documentos/David_Hito2/Glide/docking_results/SP/1E9Z-glide-grid_995","docking_pv.maegz",204,"",,,"",,,,,,,,,,,,,,,,,,,,,,,"",,61,8010,true,0,2,51139,"W09IXVtOSF1DKD1PKVtDSDJdW0NAQEhdKFtPSF0pYzFbY0hdW2NIXWMoRilbY0hdW2NIXTE=","J2VwaWtfcHl0aG9uJywgJy1waHQnLCAnMC4wJywgJy1waCcsICc3LjAnLCAnLXRuJywgJzgnLCAnLW1hJywgJzIwMCcsICctaW1hZScsICc8aW5maWxlLm1hZT4nLCAnLW9tYWUnLCAnPG91dGZpbGUubWFlPic=",1.000,0.0062,0.0000,0.0062,0.0000,0.000,0,0,0,"OPLS3e",5.746,true,"72707668.0-1","glide-grid_995",61,6,-3.351,-0.239,-0.577,-0.921,-3.351,-1.768,0.000,0.000,-2.009,0.561,-5.399,1.233,-0.025,-3.905,-4.837,5.387,12,243,0.000,"This compound has a N-S or N-O group and may undergo hydrolysis at high or low pH.",""
,"145983154.0","7753","231_145983154.0.1","2025-11-13 15:23:04","2025-11-13 15:23:04",,,,,,,"",,"","/home/db/Documentos/David_Hito2/Glide/docking_results/SP/1E9Z-glide-grid_995","docking_pv.maegz",205,"",,,"",,,,,,,,,,,,,,,,,,,,,,,"",,231,1130,false,0,2,51139,"W09IXVtOSF1DKD1PKVtDSDJdW0NIMl1PYzFbY0hdW2NIXWMoRilbY0hdW2NIXTE=","J2VwaWtfcHl0aG9uJywgJy1waHQnLCAnMC4wJywgJy1waCcsICc3LjAnLCAnLXRuJywgJzgnLCAnLW1hJywgJzIwMCcsICctaW1hZScsICc8aW5maWxlLm1hZT4nLCAnLW9tYWUnLCAnPG91dGZpbGUubWFlPic=",1.000,0.0070,0.0000,0.0070,0.0000,0.000,0,0,0,"OPLS3e",9.111,true,"145983154.0-1","glide-grid_995",226,6,-3.351,-0.239,-0.577,-0.921,-3.351,-1.685,0.000,0.000,-1.778,2.777,-10.043,1.645,-0.165,-6.288,-7.266,8.101,19,283,0.000,"This compound has a N-S or N-O group and may undergo hydrolysis at high or low pH.",""
,"145951218.0","7754","271_145951218.0.1","2025-11-13 15:23:04","2025-11-13 15:23:04",,,,,,,"",,"","/home/db/Documentos/David_Hito2/Glide/docking_results/SP/1E9Z-glide-grid_995","docking_pv.maegz",206,"",,,"",,,,,,,,,,,,,,,,,,,,,,,"",,271,1640,false,0,2,51139,"W0NIM11PYzFbY0hdW2NIXVtjSF1bY0hdYzFbTkhdW0NIMl1bQ0gyXUMoPU8pW05IXVtPSF0=","J2VwaWtfcHl0aG9uJywgJy1waHQnLCAnMC4wJywgJy1waCcsICc3LjAnLCAnLXRuJywgJzgnLCAnLW1hJywgJzIwMCcsICctaW1hZScsICc8aW5maWxlLm1hZT4nLCAnLW9tYWUnLCAnPG91dGZpbGUubWFlPic=",1.000,0.0040,0.0000,0.0040,0.0000,0.000,0,0,0,"OPLS3e",21.852,true,"145951218.0-1","glide-grid_995",266,7,-3.349,-0.223,-0.551,-0.903,-3.349,-2.035,-0.077,0.000,-1.975,2.157,-7.980,1.878,-0.052,-0.229,-5.822,11.774,76,322,0.000,"This compound has a N-S or N-O group and may undergo hydrolysis at high or low pH.",""
,"59336415.0","7755","251_59336415.0.1","2025-11-13 15:23:04","2025-11-13 15:23:04",,,,,,,"",,"","/home/db/Documentos/David_Hito2/Glide/docking_results/SP/1E9Z-glide-grid_995","docking_pv.maegz",207,"",,,"",,,,,,,,,,,,,,,,,,,,,,,"",,251,57100,false,0,2,51139,"W0NIM11jMVtjSF1bY0hdYyhbY0hdW2NIXTEpT1tDSDJdQyg9TylbTkhdW09IXQ==","J2VwaWtfcHl0aG9uJywgJy1waHQnLCAnMC4wJywgJy1waCcsICc3LjAnLCAnLXRuJywgJzgnLCAnLW1hJywgJzIwMCcsICctaW1hZScsICc8aW5maWxlLm1hZT4nLCAnLW9tYWUnLCAnPG91dGZpbGUubWFlPic=",1.000,0.0172,0.0000,0.0172,0.0000,0.000,0,0,0,"OPLS3e",10.143,true,"59336415.0-1","glide-grid_995",246,5,-3.345,-0.257,-0.605,-0.938,-3.345,-1.996,0.000,0.000,-2.038,-0.051,-7.523,1.924,-0.103,-5.024,-7.573,9.241,29,366,0.000,"This compound has a N-S or N-O group and may undergo hydrolysis at high or low pH.",""
,"145956736.0","7756","299_145956736.0.1","2025-11-13 15:23:04","2025-11-13 15:23:04",,,,,,,"",,"","/home/db/Documentos/David_Hito2/Glide/docking_results/SP/1E9Z-glide-grid_995","docking_pv.maegz",208,"",,,"",,,,,,,,,,,,,,,,,,,,,,,"",,299,21810,false,0,2,51139,"W0NIM11PYzFbY0hdW2NIXVtjSF1jKFtjSF0xKVtOSF1bQ0gyXUMoPU8pW05IXVtPSF0=","J2VwaWtfcHl0aG9uJywgJy1waHQnLCAnMC4wJywgJy1waCcsICc3LjAnLCAnLXRuJywgJzgnLCAnLW1hJywgJzIwMCcsICctaW1hZScsICc8aW5maWxlLm1hZT4nLCAnLW9tYWUnLCAnPG91dGZpbGUubWFlPic=",1.000,0.0037,0.0000,0.0037,0.0000,0.000,0,0,0,"OPLS3e",21.149,true,"145956736.0-1","glide-grid_995",294,6,-3.344,-0.239,-0.576,-0.919,-3.344,-1.836,-0.307,0.000,-1.638,-14.732,-3.303,1.686,-0.017,-15.743,-18.036,7.384,9,136,0.000,"This compound has a N-S or N-O group and may undergo hydrolysis at high or low pH.",""
,"21935074.0","7757","248_21935074.0.1","2025-11-13 15:23:04","2025-11-13 15:23:04",,,,,,,"",,"","/home/db/Documentos/David_Hito2/Glide/docking_results/SP/1E9Z-glide-grid_995","docking_pv.maegz",209,"",,,"",,,,,,,,,,,,,,,,,,,,,,,"",,248,4180,false,0,2,51139,"W09IXVtOSF1DKD1PKVtDSDJdW0NIMl1PYzFbY0hdW2NIXVtjSF1bY0hdW2NIXTE=","J2VwaWtfcHl0aG9uJywgJy1waHQnLCAnMC4wJywgJy1waCcsICc3LjAnLCAnLXRuJywgJzgnLCAnLW1hJywgJzIwMCcsICctaW1hZScsICc8aW5maWxlLm1hZT4nLCAnLW9tYWUnLCAnPG91dGZpbGUubWFlPic=",1.000,0.0070,0.0000,0.0070,0.0000,0.000,0,0,0,"OPLS3e",10.224,true,"21935074.0-1","glide-grid_995",243,6,-3.342,-0.257,-0.604,-0.937,-3.342,-1.877,0.000,0.000,-2.072,-0.789,-7.851,1.924,-0.099,-7.405,-8.640,10.363,5,56,0.000,"This compound has a N-S or N-O group and may undergo hydrolysis at high or low pH.",""
,"21935074.0","7758","248_21935074.0.1","2025-11-13 15:23:04","2025-11-13 15:23:04",,,,,,,"",,"","/home/db/Documentos/David_Hito2/Glide/docking_results/SP/1E9Z-glide-grid_995","docking_pv.maegz",210,"",,,"",,,,,,,,,,,,,,,,,,,,,,,"",,248,4180,false,0,2,51139,"W09IXVtOSF1DKD1PKVtDSDJdW0NIMl1PYzFbY0hdW2NIXVtjSF1bY0hdW2NIXTE=","J2VwaWtfcHl0aG9uJywgJy1waHQnLCAnMC4wJywgJy1waCcsICc3LjAnLCAnLXRuJywgJzgnLCAnLW1hJywgJzIwMCcsICctaW1hZScsICc8aW5maWxlLm1hZT4nLCAnLW9tYWUnLCAnPG91dGZpbGUubWFlPic=",1.000,0.0070,0.0000,0.0070,0.0000,0.000,0,0,0,"OPLS3e",10.224,true,"21935074.0-1","glide-grid_995",243,6,-3.339,-0.257,-0.604,-0.937,-3.339,-1.645,0.000,0.000,-2.005,1.145,-10.443,1.924,-0.104,-9.107,-9.298,7.887,19,227,0.000,"This compound has a N-S or N-O group and may undergo hydrolysis at high or low pH.",""
,"145956736.0","7759","299_145956736.0.1","2025-11-13 15:23:04","2025-11-13 15:23:04",,,,,,,"",,"","/home/db/Documentos/David_Hito2/Glide/docking_results/SP/1E9Z-glide-grid_995","docking_pv.maegz",211,"",,,"",,,,,,,,,,,,,,,,,,,,,,,"",,299,21810,false,0,2,51139,"W0NIM11PYzFbY0hdW2NIXVtjSF1jKFtjSF0xKVtOSF1bQ0gyXUMoPU8pW05IXVtPSF0=","J2VwaWtfcHl0aG9uJywgJy1waHQnLCAnMC4wJywgJy1waCcsICc3LjAnLCAnLXRuJywgJzgnLCAnLW1hJywgJzIwMCcsICctaW1hZScsICc8aW5maWxlLm1hZT4nLCAnLW9tYWUnLCAnPG91dGZpbGUubWFlPic=",1.000,0.0037,0.0000,0.0037,0.0000,0.000,0,0,0,"OPLS3e",21.149,true,"145956736.0-1","glide-grid_995",294,6,-3.334,-0.238,-0.574,-0.916,-3.334,-1.838,-0.304,0.000,-1.621,-13.670,-3.711,1.686,-0.016,-13.405,-17.381,10.638,9,9,0.000,"This compound has a N-S or N-O group and may undergo hydrolysis at high or low pH.",""
,"145958315.0","7760","279_145958315.0.1","2025-11-13 15:23:04","2025-11-13 15:23:04",,,,,,,"",,"","/home/db/Documentos/David_Hito2/Glide/docking_results/SP/1E9Z-glide-grid_995","docking_pv.maegz",212,"",,,"",,,,,,,,,,,,,,,,,,,,,,,"",,279,5110,false,0,2,51139,"W09IXVtOSF1DKD1PKVtDSDJdW05IXWMxW2NIXWMoRilbY0hdYyhGKVtjSF0x","J2VwaWtfcHl0aG9uJywgJy1waHQnLCAnMC4wJywgJy1waCcsICc3LjAnLCAnLXRuJywgJzgnLCAnLW1hJywgJzIwMCcsICctaW1hZScsICc8aW5maWxlLm1hZT4nLCAnLW9tYWUnLCAnPG91dGZpbGUubWFlPic=",1.000,0.0036,0.0000,0.0036,0.0000,0.000,0,0,0,"OPLS3e",12.740,true,"145958315.0-1","glide-grid_995",274,5,-3.333,-0.238,-0.574,-0.916,-3.333,-1.490,-0.216,0.000,-1.742,3.267,-8.339,1.203,-0.001,-5.154,-5.071,3.559,9,19,0.000,"This compound has a N-S or N-O group and may undergo hydrolysis at high or low pH.",""
,"145949441.0","7761","278_145949441.0.1","2025-11-13 15:23:04","2025-11-13 15:23:04",,,,,,,"",,"","/home/db/Documentos/David_Hito2/Glide/docking_results/SP/1E9Z-glide-grid_995","docking_pv.maegz",213,"",,,"",,,,,,,,,,,,,,,,,,,,,,,"",,278,14800,false,0,2,51139,"W09IXVtOSF1DKD1PKVtDSDJdW05IXWMxW2NIXVtjSF1bY0hdYyhDbCljMUNs","J2VwaWtfcHl0aG9uJywgJy1waHQnLCAnMC4wJywgJy1waCcsICc3LjAnLCAnLXRuJywgJzgnLCAnLW1hJywgJzIwMCcsICctaW1hZScsICc8aW5maWxlLm1hZT4nLCAnLW9tYWUnLCAnPG91dGZpbGUubWFlPic=",1.000,0.0036,0.0000,0.0036,0.0000,0.000,0,0,0,"OPLS3e",21.782,true,"145949441.0-1","glide-grid_995",273,5,-3.330,-0.238,-0.573,-0.915,-3.330,-1.974,-0.294,0.000,-1.566,2.148,-3.217,0.933,-0.053,-1.738,-1.069,15.330,2,139,0.000,"This compound has a N-S or N-O group and may undergo hydrolysis at high or low pH.",""
,"46769546.0","7762","291_46769546.0.1","2025-11-13 15:23:04","2025-11-13 15:23:04",,,,,,,"",,"","/home/db/Documentos/David_Hito2/Glide/docking_results/SP/1E9Z-glide-grid_995","docking_pv.maegz",214,"",,,"",,,,,,,,,,,,,,,,,,,,,,,"",,291,2470,false,0,2,51139,"W09IXVtOSF1DKD1PKVtDSDJdW05IXWMxW2NIXVtjSF1jKENsKVtjSF1bY0hdMQ==","J2VwaWtfcHl0aG9uJywgJy1waHQnLCAnMC4wJywgJy1waCcsICc3LjAnLCAnLXRuJywgJzgnLCAnLW1hJywgJzIwMCcsICctaW1hZScsICc8aW5maWxlLm1hZT4nLCAnLW9tYWUnLCAnPG91dGZpbGUubWFlPic=",1.000,0.0036,0.0000,0.0036,0.0000,0.000,0,0,0,"OPLS3e",15.382,true,"46769546.0-1","glide-grid_995",286,5,-3.327,-0.256,-0.602,-0.933,-3.327,-1.910,-0.304,0.000,-1.520,3.958,-6.104,1.219,-0.093,3.589,-2.146,10.129,17,103,0.000,"This compound has a N-S or N-O group and may undergo hydrolysis at high or low pH.",""
,"145982793.0","7763","228_145982793.0.1","2025-11-13 15:23:04","2025-11-13 15:23:04",,,,,,,"",,"","/home/db/Documentos/David_Hito2/Glide/docking_results/SP/1E9Z-glide-grid_995","docking_pv.maegz",215,"",,,"",,,,,,,,,,,,,,,,,,,,,,,"",,228,475,false,0,2,51139,"W09IXVtOSF1DKD1PKVtDSDJdW0NIMl1PYzFbY0hdW2NIXWMoQ2wpYyhDbClbY0hdMQ==","J2VwaWtfcHl0aG9uJywgJy1waHQnLCAnMC4wJywgJy1waCcsICc3LjAnLCAnLXRuJywgJzgnLCAnLW1hJywgJzIwMCcsICctaW1hZScsICc8aW5maWxlLm1hZT4nLCAnLW9tYWUnLCAnPG91dGZpbGUubWFlPic=",1.000,0.0073,0.0000,0.0073,0.0000,0.000,0,0,0,"OPLS3e",13.280,true,"145982793.0-1","glide-grid_995",223,6,-3.323,-0.222,-0.546,-0.896,-3.323,-2.247,0.000,0.000,-1.526,5.105,-5.409,1.119,-0.113,7.680,-0.304,16.868,7,175,0.000,"This compound has a N-S or N-O group and may undergo hydrolysis at high or low pH.",""
,"386822","7764","186_386822.1","2025-11-13 15:23:04","2025-11-13 15:23:04",,,,,,,"",,"","/home/db/Documentos/David_Hito2/Glide/docking_results/SP/1E9Z-glide-grid_995","docking_pv.maegz",216,"",,,"",,,,,,,,,,,,,,,,,,,,,,,"",,186,120000,false,0,2,51139,"W0NIM11DKD1PKVtOSF1bT0hd","J2VwaWtfcHl0aG9uJywgJy1waHQnLCAnMC4wJywgJy1waCcsICc3LjAnLCAnLXRuJywgJzgnLCAnLW1hJywgJzIwMCcsICctaW1hZScsICc8aW5maWxlLm1hZT4nLCAnLW9tYWUnLCAnPG91dGZpbGUubWFlPic=",1.000,0.0042,0.0000,0.0042,0.0000,0.000,0,0,0,"OPLS3e",0.553,true,"386822-1","glide-grid_995",181,2,-3.315,-0.663,-1.134,-1.270,-3.315,0.000,0.000,0.000,-2.250,-5.125,-4.725,0.000,-0.100,-14.483,-9.850,0.010,1,273,0.000,"This compound has a N-S or N-O group and may undergo hydrolysis at high or low pH.",""
,"155557124.0","7765","91_155557124.0.1","2025-11-13 15:23:04","2025-11-13 15:23:04",,,,,,,"",,"","/home/db/Documentos/David_Hito2/Glide/docking_results/SP/1E9Z-glide-grid_995","docking_pv.maegz",217,"",,,"",,,,,,,,,,,,,,,,,,,,,,,"",,91,56600,true,0,2,51139,"W0NIM11OKFtPSF0pQyg9TylbQ0gyXVtDQEBIXShbT0hdKWMxW2NIXVtjSF1bY0hdW2NIXWMxQ2w=","J2VwaWtfcHl0aG9uJywgJy1waHQnLCAnMC4wJywgJy1waCcsICc3LjAnLCAnLXRuJywgJzgnLCAnLW1hJywgJzIwMCcsICctaW1hZScsICc8aW5maWxlLm1hZT4nLCAnLW9tYWUnLCAnPG91dGZpbGUubWFlPic=",1.000,0.0063,0.0000,0.0063,0.0000,0.000,0,0,0,"OPLS3e",14.095,true,"155557124.0-1","glide-grid_995",91,6,-3.315,-0.221,-0.545,-0.894,-3.315,-1.735,0.000,0.000,-1.012,2.416,-9.913,0.971,-0.173,-1.914,-7.497,12.827,5,271,0.000,"This compound has a N-S or N-O group and may undergo hydrolysis at high or low pH.",""
,"72707673.0","7766","62_72707673.0.1","2025-11-13 15:23:04","2025-11-13 15:23:04",,,,,,,"",,"","/home/db/Documentos/David_Hito2/Glide/docking_results/SP/1E9Z-glide-grid_995","docking_pv.maegz",218,"",,,"",,,,,,,,,,,,,,,,,,,,,,,"",,62,11000,true,0,2,51139,"W0NIM11PYzFbY0hdW2NIXWMoRilbY0hdYzFbQ0BASF0oW09IXSlbQ0gyXUMoPU8pW05IXVtPSF0=","J2VwaWtfcHl0aG9uJywgJy1waHQnLCAnMC4wJywgJy1waCcsICc3LjAnLCAnLXRuJywgJzgnLCAnLW1hJywgJzIwMCcsICctaW1hZScsICc8aW5maWxlLm1hZT4nLCAnLW9tYWUnLCAnPG91dGZpbGUubWFlPic=",1.000,0.0062,0.0000,0.0062,0.0000,0.000,0,0,0,"OPLS3e",10.507,true,"72707673.0-1","glide-grid_995",62,7,-3.314,-0.207,-0.522,-0.878,-3.314,-1.703,-0.139,0.000,-1.846,7.384,-8.549,1.299,-0.011,-3.022,-1.165,15.339,35,205,0.000,"This compound has a N-S or N-O group and may undergo hydrolysis at high or low pH.",""
,"24990996.0","7767","253_24990996.0.1","2025-11-13 15:23:04","2025-11-13 15:23:04",,,,,,,"",,"","/home/db/Documentos/David_Hito2/Glide/docking_results/SP/1E9Z-glide-grid_995","docking_pv.maegz",219,"",,,"",,,,,,,,,,,,,,,,,,,,,,,"",,253,18900,false,0,2,51139,"W09IXVtOSF1DKD1PKVtDSDJdT2MxW2NIXVtjSF1jKEYpW2NIXVtjSF0x","J2VwaWtfcHl0aG9uJywgJy1waHQnLCAnMC4wJywgJy1waCcsICc3LjAnLCAnLXRuJywgJzgnLCAnLW1hJywgJzIwMCcsICctaW1hZScsICc8aW5maWxlLm1hZT4nLCAnLW9tYWUnLCAnPG91dGZpbGUubWFlPic=",1.000,0.0172,0.0000,0.0172,0.0000,0.000,0,0,0,"OPLS3e",15.782,true,"24990996.0-1","glide-grid_995",248,5,-3.310,-0.255,-0.599,-0.929,-3.310,-1.961,0.000,0.000,-2.141,0.398,-3.364,1.392,-0.116,-4.357,-2.966,5.513,6,105,0.000,"This compound has a N-S or N-O group and may undergo hydrolysis at high or low pH.",""
,"145958008.0","7768","280_145958008.0.1","2025-11-13 15:23:04","2025-11-13 15:23:04",,,,,,,"",,"","/home/db/Documentos/David_Hito2/Glide/docking_results/SP/1E9Z-glide-grid_995","docking_pv.maegz",220,"",,,"",,,,,,,,,,,,,,,,,,,,,,,"",,280,2982,false,0,2,51139,"W09IXVtOSF1DKD1PKVtDSDJdW0NIMl1bTkhdYzFbY0hdW2NIXVtjSF1bY0hdYzFDbA==","J2VwaWtfcHl0aG9uJywgJy1waHQnLCAnMC4wJywgJy1waCcsICc3LjAnLCAnLXRuJywgJzgnLCAnLW1hJywgJzIwMCcsICctaW1hZScsICc8aW5maWxlLm1hZT4nLCAnLW9tYWUnLCAnPG91dGZpbGUubWFlPic=",1.000,0.0035,0.0000,0.0035,0.0000,0.000,0,0,0,"OPLS3e",15.802,true,"145958008.0-1","glide-grid_995",275,6,-3.304,-0.236,-0.569,-0.908,-3.304,-2.127,-0.042,0.000,-1.945,-7.099,-1.407,1.451,-0.075,-4.536,-8.506,10.486,22,315,0.000,"This compound has a N-S or N-O group and may undergo hydrolysis at high or low pH.",""
,"145957965.0","7769","275_145957965.0.1","2025-11-13 15:23:04","2025-11-13 15:23:04",,,,,,,"",,"","/home/db/Documentos/David_Hito2/Glide/docking_results/SP/1E9Z-glide-grid_995","docking_pv.maegz",221,"",,,"",,,,,,,,,,,,,,,,,,,,,,,"",,275,1640,false,0,2,51139,"W09IXVtOSF1DKD1PKVtDSDJdW05IXWMxW2NIXWMoQ2wpW2NIXVtjSF1jMUNs","J2VwaWtfcHl0aG9uJywgJy1waHQnLCAnMC4wJywgJy1waCcsICc3LjAnLCAnLXRuJywgJzgnLCAnLW1hJywgJzIwMCcsICctaW1hZScsICc8aW5maWxlLm1hZT4nLCAnLW9tYWUnLCAnPG91dGZpbGUubWFlPic=",1.000,0.0036,0.0000,0.0036,0.0000,0.000,0,0,0,"OPLS3e",19.551,true,"145957965.0-1","glide-grid_995",270,5,-3.300,-0.236,-0.568,-0.907,-3.300,-2.171,0.000,0.000,-1.683,-1.296,-1.335,0.933,-0.115,0.253,-2.631,11.080,16,79,0.000,"This compound has a N-S or N-O group and may undergo hydrolysis at high or low pH.",""
,"145956231.0","7770","290_145956231.0.1","2025-11-13 15:23:04","2025-11-13 15:23:04",,,,,,,"",,"","/home/db/Documentos/David_Hito2/Glide/docking_results/SP/1E9Z-glide-grid_995","docking_pv.maegz",222,"",,,"",,,,,,,,,,,,,,,,,,,,,,,"",,290,8210,false,0,2,51139,"W09IXVtOSF1DKD1PKVtDSDJdW05IXWMxW2NIXVtjSF1bY0hdYyhbTitdKD1PKVtPLV0pW2NIXTE=","J2VwaWtfcHl0aG9uJywgJy1waHQnLCAnMC4wJywgJy1waCcsICc3LjAnLCAnLXRuJywgJzgnLCAnLW1hJywgJzIwMCcsICctaW1hZScsICc8aW5maWxlLm1hZT4nLCAnLW9tYWUnLCAnPG91dGZpbGUubWFlPic=",1.000,0.0036,0.0000,0.0036,0.0000,0.000,0,2,0,"OPLS3e",23.160,true,"145956231.0-1","glide-grid_995",285,6,-3.295,-0.220,-0.542,-0.889,-3.295,-1.764,-0.292,0.000,-1.688,-12.767,-2.464,1.491,-0.035,-6.104,-15.231,18.802,12,16,0.000,"This compound has a N-S or N-O group and may undergo hydrolysis at high or low pH.",""
,"145982793.0","7771","228_145982793.0.1","2025-11-13 15:23:04","2025-11-13 15:23:04",,,,,,,"",,"","/home/db/Documentos/David_Hito2/Glide/docking_results/SP/1E9Z-glide-grid_995","docking_pv.maegz",223,"",,,"",,,,,,,,,,,,,,,,,,,,,,,"",,228,475,false,0,2,51139,"W09IXVtOSF1DKD1PKVtDSDJdW0NIMl1PYzFbY0hdW2NIXWMoQ2wpYyhDbClbY0hdMQ==","J2VwaWtfcHl0aG9uJywgJy1waHQnLCAnMC4wJywgJy1waCcsICc3LjAnLCAnLXRuJywgJzgnLCAnLW1hJywgJzIwMCcsICctaW1hZScsICc8aW5maWxlLm1hZT4nLCAnLW9tYWUnLCAnPG91dGZpbGUubWFlPic=",1.000,0.0073,0.0000,0.0073,0.0000,0.000,0,0,0,"OPLS3e",13.280,true,"145982793.0-1","glide-grid_995",223,6,-3.280,-0.219,-0.539,-0.885,-3.280,-2.084,-0.061,0.000,-1.541,-6.220,-2.098,1.119,-0.087,-5.865,-8.318,5.870,4,74,0.000,"This compound has a N-S or N-O group and may undergo hydrolysis at high or low pH.",""
,"145958045.0","7772","302_145958045.0.1","2025-11-13 15:23:04","2025-11-13 15:23:04",,,,,,,"",,"","/home/db/Documentos/David_Hito2/Glide/docking_results/SP/1E9Z-glide-grid_995","docking_pv.maegz",224,"",,,"",,,,,,,,,,,,,,,,,,,,,,,"",,302,152000,false,0,2,51139,"W0NIM11PYzFbY0hdW2NIXVtjSF1bY0hdYzFbTkhdW0NIMl1DKD1PKVtOSF1bT0hd","J2VwaWtfcHl0aG9uJywgJy1waHQnLCAnMC4wJywgJy1waCcsICc3LjAnLCAnLXRuJywgJzgnLCAnLW1hJywgJzIwMCcsICctaW1hZScsICc8aW5maWxlLm1hZT4nLCAnLW9tYWUnLCAnPG91dGZpbGUubWFlPic=",1.000,0.0037,0.0000,0.0037,0.0000,0.000,0,0,0,"OPLS3e",23.311,true,"145958045.0-1","glide-grid_995",297,6,-3.279,-0.234,-0.564,-0.901,-3.279,-2.111,0.000,0.000,-1.972,1.347,-5.800,1.686,-0.079,-0.668,-4.453,10.347,12,351,0.000,"This compound has a N-S or N-O group and may undergo hydrolysis at high or low pH.",""
,"145951194.0","7773","281_145951194.0.1","2025-11-13 15:23:04","2025-11-13 15:23:04",,,,,,,"",,"","/home/db/Documentos/David_Hito2/Glide/docking_results/SP/1E9Z-glide-grid_995","docking_pv.maegz",225,"",,,"",,,,,,,,,,,,,,,,,,,,,,,"",,281,79,false,0,2,51139,"W09IXVtOSF1DKD1PKVtDSDJdW0NIMl1bTkhdYzFbY0hdW2NIXWMoQ2wpW2NIXWMxQ2w=","J2VwaWtfcHl0aG9uJywgJy1waHQnLCAnMC4wJywgJy1waCcsICc3LjAnLCAnLXRuJywgJzgnLCAnLW1hJywgJzIwMCcsICctaW1hZScsICc8aW5maWxlLm1hZT4nLCAnLW9tYWUnLCAnPG91dGZpbGUubWFlPic=",1.000,0.0035,0.0000,0.0035,0.0000,0.000,0,0,0,"OPLS3e",14.501,true,"145951194.0-1","glide-grid_995",276,6,-3.278,-0.219,-0.539,-0.884,-3.278,-2.098,-0.042,0.000,-1.711,-6.360,-1.077,1.127,-0.075,-7.861,-7.437,6.934,22,61,0.000,"This compound has a N-S or N-O group and may undergo hydrolysis at high or low pH.",""
,"46769547.0","7774","289_46769547.0.1","2025-11-13 15:23:04","2025-11-13 15:23:04",,,,,,,"",,"","/home/db/Documentos/David_Hito2/Glide/docking_results/SP/1E9Z-glide-grid_995","docking_pv.maegz",226,"",,,"",,,,,,,,,,,,,,,,,,,,,,,"",,289,3910,false,0,2,51139,"W0NIM11jMVtjSF1bY0hdYyhbY0hdW2NIXTEpW05IXVtDSDJdQyg9TylbTkhdW09IXQ==","J2VwaWtfcHl0aG9uJywgJy1waHQnLCAnMC4wJywgJy1waCcsICc3LjAnLCAnLXRuJywgJzgnLCAnLW1hJywgJzIwMCcsICctaW1hZScsICc8aW5maWxlLm1hZT4nLCAnLW9tYWUnLCAnPG91dGZpbGUubWFlPic=",1.000,0.0039,0.0000,0.0039,0.0000,0.000,0,0,0,"OPLS3e",12.729,true,"46769547.0-1","glide-grid_995",284,5,-3.272,-0.252,-0.592,-0.918,-3.272,-2.028,-0.304,0.000,-1.896,-5.240,-4.824,1.941,0.000,-8.222,-10.065,5.175,11,260,0.000,"This compound has a N-S or N-O group and may undergo hydrolysis at high or low pH.",""
,"155562391.0","7775","88_155562391.0.1","2025-11-13 15:23:04","2025-11-13 15:23:04",,,,,,,"",,"","/home/db/Documentos/David_Hito2/Glide/docking_results/SP/1E9Z-glide-grid_995","docking_pv.maegz",227,"",,,"",,,,,,,,,,,,,,,,,,,,,,,"",,88,71200,true,0,2,51139,"W0NIM11OKFtPSF0pQyg9TylbQ0gyXVtDQEBIXShbT0hdKWMxW2NIXVtjSF1bY0hdYyhGKVtjSF0x","J2VwaWtfcHl0aG9uJywgJy1waHQnLCAnMC4wJywgJy1waCcsICc3LjAnLCAnLXRuJywgJzgnLCAnLW1hJywgJzIwMCcsICctaW1hZScsICc8aW5maWxlLm1hZT4nLCAnLW9tYWUnLCAnPG91dGZpbGUubWFlPic=",1.000,0.0063,0.0000,0.0063,0.0000,0.000,0,0,0,"OPLS3e",15.144,true,"155562391.0-1","glide-grid_995",88,6,-3.269,-0.218,-0.538,-0.882,-3.269,-2.026,0.000,0.000,-0.430,0.923,-12.002,1.101,-0.161,-5.315,-11.079,4.565,8,329,0.000,"This compound has a N-S or N-O group and may undergo hydrolysis at high or low pH.",""
,"145955567.0","7776","282_145955567.0.1","2025-11-13 15:23:04","2025-11-13 15:23:04",,,,,,,"",,"","/home/db/Documentos/David_Hito2/Glide/docking_results/SP/1E9Z-glide-grid_995","docking_pv.maegz",228,"",,,"",,,,,,,,,,,,,,,,,,,,,,,"",,282,14975,false,0,2,51139,"W09IXVtOSF1DKD1PKVtDSDJdW0NIMl1bTkhdYzFbY0hdYyhDbClbY0hdW2NIXWMxQ2w=","J2VwaWtfcHl0aG9uJywgJy1waHQnLCAnMC4wJywgJy1waCcsICc3LjAnLCAnLXRuJywgJzgnLCAnLW1hJywgJzIwMCcsICctaW1hZScsICc8aW5maWxlLm1hZT4nLCAnLW9tYWUnLCAnPG91dGZpbGUubWFlPic=",1.000,0.0035,0.0000,0.0035,0.0000,0.000,0,0,0,"OPLS3e",14.722,true,"145955567.0-1","glide-grid_995",277,6,-3.267,-0.218,-0.537,-0.881,-3.267,-2.219,-0.040,0.000,-1.705,-0.239,-2.350,1.127,-0.065,-10.637,-2.589,3.705,22,264,0.000,"This compound has a N-S or N-O group and may undergo hydrolysis at high or low pH.",""
,"145973840.0","7777","272_145973840.0.1","2025-11-13 15:23:04","2025-11-13 15:23:04",,,,,,,"",,"","/home/db/Documentos/David_Hito2/Glide/docking_results/SP/1E9Z-glide-grid_995","docking_pv.maegz",229,"",,,"",,,,,,,,,,,,,,,,,,,,,,,"",,272,5100,false,0,2,51139,"W09IXVtOSF1DKD1PKVtDSDJdW0NIMl1bTkhdYzFbY0hdW2NIXVtjSF1jKFtOK10oPU8pW08tXSlbY0hdMQ==","J2VwaWtfcHl0aG9uJywgJy1waHQnLCAnMC4wJywgJy1waCcsICc3LjAnLCAnLXRuJywgJzgnLCAnLW1hJywgJzIwMCcsICctaW1hZScsICc8aW5maWxlLm1hZT4nLCAnLW9tYWUnLCAnPG91dGZpbGUubWFlPic=",1.000,0.0035,0.0000,0.0035,0.0000,0.000,0,2,0,"OPLS3e",20.914,true,"145973840.0-1","glide-grid_995",267,7,-3.266,-0.204,-0.514,-0.866,-3.266,-1.513,0.000,0.000,-1.680,2.741,-10.994,1.673,-0.234,-1.373,-8.253,17.465,23,117,0.000,"This compound has a N-S or N-O group and may undergo hydrolysis at high or low pH.",""
,"130841018.0","7778","254_130841018.0.1","2025-11-13 15:23:04","2025-11-13 15:23:04",,,,,,,"",,"","/home/db/Documentos/David_Hito2/Glide/docking_results/SP/1E9Z-glide-grid_995","docking_pv.maegz",230,"",,,"",,,,,,,,,,,,,,,,,,,,,,,"",,254,27000,false,0,2,51139,"W09IXVtOSF1DKD1PKVtDSDJdT2MxW2NIXVtjSF1bY0hdYyhGKVtjSF0x","J2VwaWtfcHl0aG9uJywgJy1waHQnLCAnMC4wJywgJy1waCcsICc3LjAnLCAnLXRuJywgJzgnLCAnLW1hJywgJzIwMCcsICctaW1hZScsICc8aW5maWxlLm1hZT4nLCAnLW9tYWUnLCAnPG91dGZpbGUubWFlPic=",1.000,0.0172,0.0000,0.0172,0.0000,0.000,0,0,0,"OPLS3e",16.525,true,"130841018.0-1","glide-grid_995",249,5,-3.260,-0.251,-0.590,-0.915,-3.260,-1.868,0.000,0.000,-1.842,4.208,-7.083,1.392,-0.091,0.663,-2.875,11.086,7,331,0.000,"This compound has a N-S or N-O group and may undergo hydrolysis at high or low pH.",""
,"145986005.0","7779","238_145986005.0.1","2025-11-13 15:23:04","2025-11-13 15:23:04",,,,,,,"",,"","/home/db/Documentos/David_Hito2/Glide/docking_results/SP/1E9Z-glide-grid_995","docking_pv.maegz",231,"",,,"",,,,,,,,,,,,,,,,,,,,,,,"",,238,3220,false,0,2,51139,"W09IXVtOSF1DKD1PKVtDSDJdT2MxW2NIXWMoQ2wpW2NIXWMoQ2wpW2NIXTE=","J2VwaWtfcHl0aG9uJywgJy1waHQnLCAnMC4wJywgJy1waCcsICc3LjAnLCAnLXRuJywgJzgnLCAnLW1hJywgJzIwMCcsICctaW1hZScsICc8aW5maWxlLm1hZT4nLCAnLW9tYWUnLCAnPG91dGZpbGUubWFlPic=",1.000,0.0172,0.0000,0.0172,0.0000,0.000,0,0,0,"OPLS3e",15.448,true,"145986005.0-1","glide-grid_995",233,5,-3.259,-0.233,-0.561,-0.896,-3.259,-1.869,0.000,0.000,-1.526,-0.273,-4.295,0.927,-0.134,-3.498,-4.567,11.833,13,247,0.000,"This compound has a N-S or N-O group and may undergo hydrolysis at high or low pH.",""
,"386822","7780","186_386822.1","2025-11-13 15:23:04","2025-11-13 15:23:04",,,,,,,"",,"","/home/db/Documentos/David_Hito2/Glide/docking_results/SP/1E9Z-glide-grid_995","docking_pv.maegz",232,"",,,"",,,,,,,,,,,,,,,,,,,,,,,"",,186,120000,false,0,2,51139,"W0NIM11DKD1PKVtOSF1bT0hd","J2VwaWtfcHl0aG9uJywgJy1waHQnLCAnMC4wJywgJy1waCcsICc3LjAnLCAnLXRuJywgJzgnLCAnLW1hJywgJzIwMCcsICctaW1hZScsICc8aW5maWxlLm1hZT4nLCAnLW9tYWUnLCAnPG91dGZpbGUubWFlPic=",1.000,0.0042,0.0000,0.0042,0.0000,0.000,0,0,0,"OPLS3e",0.553,true,"386822-1","glide-grid_995",181,2,-3.254,-0.651,-1.113,-1.247,-3.254,0.000,-0.059,0.000,-2.249,-0.340,-5.303,0.000,-0.134,-9.737,-5.643,0.910,1,330,0.000,"This compound has a N-S or N-O group and may undergo hydrolysis at high or low pH.",""
,"145958045.0","7781","302_145958045.0.1","2025-11-13 15:23:04","2025-11-13 15:23:04",,,,,,,"",,"","/home/db/Documentos/David_Hito2/Glide/docking_results/SP/1E9Z-glide-grid_995","docking_pv.maegz",233,"",,,"",,,,,,,,,,,,,,,,,,,,,,,"",,302,152000,false,0,2,51139,"W0NIM11PYzFbY0hdW2NIXVtjSF1bY0hdYzFbTkhdW0NIMl1DKD1PKVtOSF1bT0hd","J2VwaWtfcHl0aG9uJywgJy1waHQnLCAnMC4wJywgJy1waCcsICc3LjAnLCAnLXRuJywgJzgnLCAnLW1hJywgJzIwMCcsICctaW1hZScsICc8aW5maWxlLm1hZT4nLCAnLW9tYWUnLCAnPG91dGZpbGUubWFlPic=",1.000,0.0037,0.0000,0.0037,0.0000,0.000,0,0,0,"OPLS3e",23.311,true,"145958045.0-1","glide-grid_995",297,6,-3.253,-0.232,-0.560,-0.894,-3.253,-1.862,-0.305,0.000,-2.020,-10.149,-1.628,1.686,0.000,-8.586,-11.777,9.407,47,72,0.000,"This compound has a N-S or N-O group and may undergo hydrolysis at high or low pH.",""
,"60651050.0","7782","250_60651050.0.1","2025-11-13 15:23:04","2025-11-13 15:23:04",,,,,,,"",,"","/home/db/Documentos/David_Hito2/Glide/docking_results/SP/1E9Z-glide-grid_995","docking_pv.maegz",234,"",,,"",,,,,,,,,,,,,,,,,,,,,,,"",,250,10400,false,0,2,51139,"W09IXVtOSF1DKD1PKVtDSDJdT2MxW2NIXVtjSF1bY0hdYyhDbClbY0hdMQ==","J2VwaWtfcHl0aG9uJywgJy1waHQnLCAnMC4wJywgJy1waCcsICc3LjAnLCAnLXRuJywgJzgnLCAnLW1hJywgJzIwMCcsICctaW1hZScsICc8aW5maWxlLm1hZT4nLCAnLW9tYWUnLCAnPG91dGZpbGUubWFlPic=",1.000,0.0172,0.0000,0.0172,0.0000,0.000,0,0,0,"OPLS3e",12.189,true,"60651050.0-1","glide-grid_995",245,5,-3.250,-0.250,-0.588,-0.912,-3.250,-1.486,-0.098,0.000,-1.906,1.905,-6.428,1.209,-0.100,-2.183,-4.522,9.119,11,244,0.000,"This compound has a N-S or N-O group and may undergo hydrolysis at high or low pH.",""
,"130723063.0","7783","241_130723063.0.1","2025-11-13 15:23:04","2025-11-13 15:23:04",,,,,,,"",,"","/home/db/Documentos/David_Hito2/Glide/docking_results/SP/1E9Z-glide-grid_995","docking_pv.maegz",235,"",,,"",,,,,,,,,,,,,,,,,,,,,,,"",,241,121500,false,0,2,51139,"W09IXVtOSF1DKD1PKVtDSDJdT2MxW2NIXVtjSF1bY0hdW2NIXWMxRg==","J2VwaWtfcHl0aG9uJywgJy1waHQnLCAnMC4wJywgJy1waCcsICc3LjAnLCAnLXRuJywgJzgnLCAnLW1hJywgJzIwMCcsICctaW1hZScsICc8aW5maWxlLm1hZT4nLCAnLW9tYWUnLCAnPG91dGZpbGUubWFlPic=",1.000,0.0172,0.0000,0.0172,0.0000,0.000,0,0,0,"OPLS3e",13.476,true,"130723063.0-1","glide-grid_995",236,5,-3.250,-0.250,-0.588,-0.912,-3.250,-1.486,-0.099,0.000,-2.120,4.530,-7.083,1.392,-0.100,0.890,-2.553,7.351,11,301,0.000,"This compound has a N-S or N-O group and may undergo hydrolysis at high or low pH.",""
,"95562486.0","7784","243_95562486.0.1","2025-11-13 15:23:04","2025-11-13 15:23:04",,,,,,,"",,"","/home/db/Documentos/David_Hito2/Glide/docking_results/SP/1E9Z-glide-grid_995","docking_pv.maegz",236,"",,,"",,,,,,,,,,,,,,,,,,,,,,,"",,243,78500,false,0,2,51139,"W09IXVtOSF1DKD1PKVtDSDJdT2MxW2NIXVtjSF1bY0hdW2NIXWMxQ2w=","J2VwaWtfcHl0aG9uJywgJy1waHQnLCAnMC4wJywgJy1waCcsICc3LjAnLCAnLXRuJywgJzgnLCAnLW1hJywgJzIwMCcsICctaW1hZScsICc8aW5maWxlLm1hZT4nLCAnLW9tYWUnLCAnPG91dGZpbGUubWFlPic=",1.000,0.0172,0.0000,0.0172,0.0000,0.000,0,0,0,"OPLS3e",12.887,true,"95562486.0-1","glide-grid_995",238,5,-3.244,-0.250,-0.587,-0.910,-3.244,-1.461,-0.101,0.000,-2.007,6.978,-7.553,1.209,-0.099,0.762,-0.574,6.220,11,166,0.000,"This compound has a N-S or N-O group and may undergo hydrolysis at high or low pH.",""
,"3657.0","7785","326_3657.0.1","2025-11-13 15:23:04","2025-11-13 15:23:04",,,,,,,"",,"","/home/db/Documentos/David_Hito2/Glide/docking_results/SP/1E9Z-glide-grid_995","docking_pv.maegz",237,"",,,"",,,,,,,,,,,,,,,,,,,,,,,"",,326,88750,false,0,2,51139,"W05IMl1DKD1PKVtOSF1bT0hd","J2VwaWtfcHl0aG9uJywgJy1waHQnLCAnMC4wJywgJy1waCcsICc3LjAnLCAnLXRuJywgJzgnLCAnLW1hJywgJzIwMCcsICctaW1hZScsICc8aW5maWxlLm1hZT4nLCAnLW9tYWUnLCAnPG91dGZpbGUubWFlPic=",1.000,0.0115,0.0000,0.0115,0.0000,0.000,0,0,0,"OPLS3e",-0.160,true,"3657.0-1","glide-grid_995",301,2,-3.243,-0.649,-1.109,-1.243,-3.243,0.000,-0.320,0.000,-2.250,-8.138,-1.777,0.000,0.000,-15.420,-9.914,0.207,1,381,0.000,"This compound has a N-S or N-O group and may undergo hydrolysis at high or low pH.",""
,"145957965.0","7786","275_145957965.0.1","2025-11-13 15:23:04","2025-11-13 15:23:04",,,,,,,"",,"","/home/db/Documentos/David_Hito2/Glide/docking_results/SP/1E9Z-glide-grid_995","docking_pv.maegz",238,"",,,"",,,,,,,,,,,,,,,,,,,,,,,"",,275,1640,false,0,2,51139,"W09IXVtOSF1DKD1PKVtDSDJdW05IXWMxW2NIXWMoQ2wpW2NIXVtjSF1jMUNs","J2VwaWtfcHl0aG9uJywgJy1waHQnLCAnMC4wJywgJy1waCcsICc3LjAnLCAnLXRuJywgJzgnLCAnLW1hJywgJzIwMCcsICctaW1hZScsICc8aW5maWxlLm1hZT4nLCAnLW9tYWUnLCAnPG91dGZpbGUubWFlPic=",1.000,0.0036,0.0000,0.0036,0.0000,0.000,0,0,0,"OPLS3e",19.551,true,"145957965.0-1","glide-grid_995",270,5,-3.242,-0.232,-0.558,-0.891,-3.242,-1.460,-0.188,0.000,-1.762,7.421,-7.578,0.933,0.000,0.213,-0.156,6.398,2,362,0.000,"This compound has a N-S or N-O group and may undergo hydrolysis at high or low pH.",""
,"145950151.0","7787","294_145950151.0.1","2025-11-13 15:23:04","2025-11-13 15:23:04",,,,,,,"",,"","/home/db/Documentos/David_Hito2/Glide/docking_results/SP/1E9Z-glide-grid_995","docking_pv.maegz",239,"",,,"",,,,,,,,,,,,,,,,,,,,,,,"",,294,24480,false,0,2,51139,"W09IXVtOSF1DKD1PKVtDSDJdW05IXWMxW2NIXVtjSF1bY0hdYyhCcilbY0hdMQ==","J2VwaWtfcHl0aG9uJywgJy1waHQnLCAnMC4wJywgJy1waCcsICc3LjAnLCAnLXRuJywgJzgnLCAnLW1hJywgJzIwMCcsICctaW1hZScsICc8aW5maWxlLm1hZT4nLCAnLW9tYWUnLCAnPG91dGZpbGUubWFlPic=",1.000,0.0036,0.0000,0.0036,0.0000,0.000,0,0,0,"OPLS3e",17.492,true,"145950151.0-1","glide-grid_995",289,5,-3.237,-0.249,-0.586,-0.908,-3.237,-1.543,-0.096,0.000,-1.728,5.245,-6.398,0.869,-0.042,1.428,-1.153,5.998,10,22,0.000,"This compound has a N-S or N-O group and may undergo hydrolysis at high or low pH.",""
,"129928412.0","7788","286_129928412.0.1","2025-11-13 15:23:04","2025-11-13 15:23:04",,,,,,,"",,"","/home/db/Documentos/David_Hito2/Glide/docking_results/SP/1E9Z-glide-grid_995","docking_pv.maegz",240,"",,,"",,,,,,,,,,,,,,,,,,,,,,,"",,286,7410,false,0,2,51139,"W09IXVtOSF1DKD1PKVtDSDJdW05IXWMxW2NIXVtjSF1jKEYpW2NIXVtjSF0x","J2VwaWtfcHl0aG9uJywgJy1waHQnLCAnMC4wJywgJy1waCcsICc3LjAnLCAnLXRuJywgJzgnLCAnLW1hJywgJzIwMCcsICctaW1hZScsICc8aW5maWxlLm1hZT4nLCAnLW9tYWUnLCAnPG91dGZpbGUubWFlPic=",1.000,0.0038,0.0000,0.0038,0.0000,0.000,0,0,0,"OPLS3e",16.003,true,"129928412.0-1","glide-grid_995",281,5,-3.232,-0.249,-0.585,-0.906,-3.232,-1.575,-0.183,0.000,-2.125,3.079,-5.690,1.404,-0.053,-1.698,-2.610,12.149,2,346,0.000,"This compound has a N-S or N-O group and may undergo hydrolysis at high or low pH.",""
,"60651050.0","7789","250_60651050.0.1","2025-11-13 15:23:04","2025-11-13 15:23:04",,,,,,,"",,"","/home/db/Documentos/David_Hito2/Glide/docking_results/SP/1E9Z-glide-grid_995","docking_pv.maegz",241,"",,,"",,,,,,,,,,,,,,,,,,,,,,,"",,250,10400,false,0,2,51139,"W09IXVtOSF1DKD1PKVtDSDJdT2MxW2NIXVtjSF1bY0hdYyhDbClbY0hdMQ==","J2VwaWtfcHl0aG9uJywgJy1waHQnLCAnMC4wJywgJy1waCcsICc3LjAnLCAnLXRuJywgJzgnLCAnLW1hJywgJzIwMCcsICctaW1hZScsICc8aW5maWxlLm1hZT4nLCAnLW9tYWUnLCAnPG91dGZpbGUubWFlPic=",1.000,0.0172,0.0000,0.0172,0.0000,0.000,0,0,0,"OPLS3e",12.189,true,"60651050.0-1","glide-grid_995",245,5,-3.227,-0.248,-0.584,-0.905,-3.227,-1.966,0.000,0.000,-1.179,-0.217,-7.639,1.209,-0.134,-4.555,-7.855,6.853,4,67,0.000,"This compound has a N-S or N-O group and may undergo hydrolysis at high or low pH.",""
,"11183280.0","7790","245_11183280.0.1","2025-11-13 15:23:04","2025-11-13 15:23:04",,,,,,,"",,"","/home/db/Documentos/David_Hito2/Glide/docking_results/SP/1E9Z-glide-grid_995","docking_pv.maegz",242,"",,,"",,,,,,,,,,,,,,,,,,,,,,,"",,245,1260,false,0,2,51139,"W09IXVtOSF1DKD1PKVtDSDJdT2MxW2NIXVtjSF1jKENsKVtjSF1bY0hdMQ==","J2VwaWtfcHl0aG9uJywgJy1waHQnLCAnMC4wJywgJy1waCcsICc3LjAnLCAnLXRuJywgJzgnLCAnLW1hJywgJzIwMCcsICctaW1hZScsICc8aW5maWxlLm1hZT4nLCAnLW9tYWUnLCAnPG91dGZpbGUubWFlPic=",1.000,0.0172,0.0000,0.0172,0.0000,0.000,0,0,0,"OPLS3e",11.009,true,"11183280.0-1","glide-grid_995",240,5,-3.223,-0.248,-0.583,-0.904,-3.223,-1.941,0.000,0.000,-1.570,-4.377,-4.134,1.209,-0.082,-6.290,-8.511,5.661,6,106,0.000,"This compound has a N-S or N-O group and may undergo hydrolysis at high or low pH.",""
,"145951194.0","7791","281_145951194.0.1","2025-11-13 15:23:04","2025-11-13 15:23:04",,,,,,,"",,"","/home/db/Documentos/David_Hito2/Glide/docking_results/SP/1E9Z-glide-grid_995","docking_pv.maegz",243,"",,,"",,,,,,,,,,,,,,,,,,,,,,,"",,281,79,false,0,2,51139,"W09IXVtOSF1DKD1PKVtDSDJdW0NIMl1bTkhdYzFbY0hdW2NIXWMoQ2wpW2NIXWMxQ2w=","J2VwaWtfcHl0aG9uJywgJy1waHQnLCAnMC4wJywgJy1waCcsICc3LjAnLCAnLXRuJywgJzgnLCAnLW1hJywgJzIwMCcsICctaW1hZScsICc8aW5maWxlLm1hZT4nLCAnLW9tYWUnLCAnPG91dGZpbGUubWFlPic=",1.000,0.0035,0.0000,0.0035,0.0000,0.000,0,0,0,"OPLS3e",14.501,true,"145951194.0-1","glide-grid_995",276,6,-3.222,-0.215,-0.530,-0.869,-3.222,-2.098,-0.047,0.000,-1.710,-6.453,-0.655,1.127,-0.074,-6.395,-7.108,9.074,22,344,0.000,"This compound has a N-S or N-O group and may undergo hydrolysis at high or low pH.",""
,"3598816.0","7792","262_3598816.0.1","2025-11-13 15:23:04","2025-11-13 15:23:04",,,,,,,"",,"","/home/db/Documentos/David_Hito2/Glide/docking_results/SP/1E9Z-glide-grid_995","docking_pv.maegz",244,"",,,"",,,,,,,,,,,,,,,,,,,,,,,"",,262,5350,false,0,2,51139,"W09IXVtOSF1DKD1PKVtDSDJdT2MxW2NIXVtjSF1jKEJyKVtjSF1bY0hdMQ==","J2VwaWtfcHl0aG9uJywgJy1waHQnLCAnMC4wJywgJy1waCcsICc3LjAnLCAnLXRuJywgJzgnLCAnLW1hJywgJzIwMCcsICctaW1hZScsICc8aW5maWxlLm1hZT4nLCAnLW9tYWUnLCAnPG91dGZpbGUubWFlPic=",1.000,0.0172,0.0000,0.0172,0.0000,0.000,0,0,0,"OPLS3e",10.724,true,"3598816.0-1","glide-grid_995",257,5,-3.222,-0.248,-0.583,-0.904,-3.222,-1.997,0.000,0.000,-1.220,-6.298,-3.097,0.863,-0.089,-5.161,-9.395,9.760,13,72,0.000,"This compound has a N-S or N-O group and may undergo hydrolysis at high or low pH.",""
,"145958045.0","7793","302_145958045.0.1","2025-11-13 15:23:04","2025-11-13 15:23:04",,,,,,,"",,"","/home/db/Documentos/David_Hito2/Glide/docking_results/SP/1E9Z-glide-grid_995","docking_pv.maegz",245,"",,,"",,,,,,,,,,,,,,,,,,,,,,,"",,302,152000,false,0,2,51139,"W0NIM11PYzFbY0hdW2NIXVtjSF1bY0hdYzFbTkhdW0NIMl1DKD1PKVtOSF1bT0hd","J2VwaWtfcHl0aG9uJywgJy1waHQnLCAnMC4wJywgJy1waCcsICc3LjAnLCAnLXRuJywgJzgnLCAnLW1hJywgJzIwMCcsICctaW1hZScsICc8aW5maWxlLm1hZT4nLCAnLW9tYWUnLCAnPG91dGZpbGUubWFlPic=",1.000,0.0037,0.0000,0.0037,0.0000,0.000,0,0,0,"OPLS3e",23.311,true,"145958045.0-1","glide-grid_995",297,6,-3.219,-0.230,-0.554,-0.885,-3.219,-1.765,-0.292,0.000,-2.066,-9.122,-2.034,1.686,-0.022,-7.575,-11.157,10.416,3,200,0.000,"This compound has a N-S or N-O group and may undergo hydrolysis at high or low pH.",""
,"145983362.0","7794","232_145983362.0.1","2025-11-13 15:23:04","2025-11-13 15:23:04",,,,,,,"",,"","/home/db/Documentos/David_Hito2/Glide/docking_results/SP/1E9Z-glide-grid_995","docking_pv.maegz",246,"",,,"",,,,,,,,,,,,,,,,,,,,,,,"",,232,1230,false,0,2,51139,"W09IXVtOSF1DKD1PKVtDSDJdW0NIMl1PYzFbY0hdW2NIXVtjSF1jKENsKVtjSF0x","J2VwaWtfcHl0aG9uJywgJy1waHQnLCAnMC4wJywgJy1waCcsICc3LjAnLCAnLXRuJywgJzgnLCAnLW1hJywgJzIwMCcsICctaW1hZScsICc8aW5maWxlLm1hZT4nLCAnLW9tYWUnLCAnPG91dGZpbGUubWFlPic=",1.000,0.0072,0.0000,0.0072,0.0000,0.000,0,0,0,"OPLS3e",10.448,true,"145983362.0-1","glide-grid_995",227,6,-3.209,-0.229,-0.552,-0.882,-3.209,-1.421,0.000,0.000,-1.665,0.056,-9.458,1.440,-0.147,-2.923,-9.402,13.659,7,382,0.000,"This compound has a N-S or N-O group and may undergo hydrolysis at high or low pH.",""
,"72707665.0","7795","70_72707665.0.1","2025-11-13 15:23:04","2025-11-13 15:23:04",,,,,,,"",,"","/home/db/Documentos/David_Hito2/Glide/docking_results/SP/1E9Z-glide-grid_995","docking_pv.maegz",247,"",,,"",,,,,,,,,,,,,,,,,,,,,,,"",,70,75100,true,0,2,51139,"W0NIM11PYzFbY0hdW2NIXWMoW2NIXVtjSF0xKVtDQEBIXShbT0hdKVtDSDJdQyg9TylbTkhdW09IXQ==","J2VwaWtfcHl0aG9uJywgJy1waHQnLCAnMC4wJywgJy1waCcsICc3LjAnLCAnLXRuJywgJzgnLCAnLW1hJywgJzIwMCcsICctaW1hZScsICc8aW5maWxlLm1hZT4nLCAnLW9tYWUnLCAnPG91dGZpbGUubWFlPic=",1.000,0.0062,0.0000,0.0062,0.0000,0.000,0,0,0,"OPLS3e",10.777,true,"72707665.0-1","glide-grid_995",70,7,-3.206,-0.214,-0.527,-0.865,-3.206,-1.824,-0.269,0.000,-1.283,5.155,-10.415,1.491,-0.017,-0.235,-5.260,9.565,21,132,0.000,"This compound has a N-S or N-O group and may undergo hydrolysis at high or low pH.",""
,"59336415.0","7796","251_59336415.0.1","2025-11-13 15:23:04","2025-11-13 15:23:04",,,,,,,"",,"","/home/db/Documentos/David_Hito2/Glide/docking_results/SP/1E9Z-glide-grid_995","docking_pv.maegz",248,"",,,"",,,,,,,,,,,,,,,,,,,,,,,"",,251,57100,false,0,2,51139,"W0NIM11jMVtjSF1bY0hdYyhbY0hdW2NIXTEpT1tDSDJdQyg9TylbTkhdW09IXQ==","J2VwaWtfcHl0aG9uJywgJy1waHQnLCAnMC4wJywgJy1waCcsICc3LjAnLCAnLXRuJywgJzgnLCAnLW1hJywgJzIwMCcsICctaW1hZScsICc8aW5maWxlLm1hZT4nLCAnLW9tYWUnLCAnPG91dGZpbGUubWFlPic=",1.000,0.0172,0.0000,0.0172,0.0000,0.000,0,0,0,"OPLS3e",10.143,true,"59336415.0-1","glide-grid_995",246,5,-3.205,-0.247,-0.580,-0.899,-3.205,-1.908,0.000,0.000,-1.841,4.435,-9.776,1.924,-0.135,-1.944,-5.342,9.600,13,378,0.000,"This compound has a N-S or N-O group and may undergo hydrolysis at high or low pH.",""
,"155562391.0","7797","88_155562391.0.1","2025-11-13 15:23:04","2025-11-13 15:23:04",,,,,,,"",,"","/home/db/Documentos/David_Hito2/Glide/docking_results/SP/1E9Z-glide-grid_995","docking_pv.maegz",249,"",,,"",,,,,,,,,,,,,,,,,,,,,,,"",,88,71200,true,0,2,51139,"W0NIM11OKFtPSF0pQyg9TylbQ0gyXVtDQEBIXShbT0hdKWMxW2NIXVtjSF1bY0hdYyhGKVtjSF0x","J2VwaWtfcHl0aG9uJywgJy1waHQnLCAnMC4wJywgJy1waCcsICc3LjAnLCAnLXRuJywgJzgnLCAnLW1hJywgJzIwMCcsICctaW1hZScsICc8aW5maWxlLm1hZT4nLCAnLW9tYWUnLCAnPG91dGZpbGUubWFlPic=",1.000,0.0063,0.0000,0.0063,0.0000,0.000,0,0,0,"OPLS3e",15.144,true,"155562391.0-1","glide-grid_995",88,6,-3.203,-0.214,-0.527,-0.864,-3.203,-1.948,0.000,0.000,-0.366,-4.538,-10.928,1.101,-0.124,-9.158,-15.466,5.252,10,128,0.000,"This compound has a N-S or N-O group and may undergo hydrolysis at high or low pH.",""
,"130677882.0","7798","240_130677882.0.1","2025-11-13 15:23:04","2025-11-13 15:23:04",,,,,,,"",,"","/home/db/Documentos/David_Hito2/Glide/docking_results/SP/1E9Z-glide-grid_995","docking_pv.maegz",250,"",,,"",,,,,,,,,,,,,,,,,,,,,,,"",,240,153600,false,0,2,51139,"W0NIM11jMVtjSF1bY0hdW2NIXVtjSF1jMU9bQ0gyXUMoPU8pW05IXVtPSF0=","J2VwaWtfcHl0aG9uJywgJy1waHQnLCAnMC4wJywgJy1waCcsICc3LjAnLCAnLXRuJywgJzgnLCAnLW1hJywgJzIwMCcsICctaW1hZScsICc8aW5maWxlLm1hZT4nLCAnLW9tYWUnLCAnPG91dGZpbGUubWFlPic=",1.000,0.0172,0.0000,0.0172,0.0000,0.000,0,0,0,"OPLS3e",11.281,true,"130677882.0-1","glide-grid_995",235,5,-3.202,-0.246,-0.579,-0.898,-3.202,-2.159,0.000,0.000,-2.040,-4.643,-4.185,1.924,-0.067,-7.725,-8.828,4.857,34,295,0.000,"This compound has a N-S or N-O group and may undergo hydrolysis at high or low pH.",""
,"145958315.0","7799","279_145958315.0.1","2025-11-13 15:23:04","2025-11-13 15:23:04",,,,,,,"",,"","/home/db/Documentos/David_Hito2/Glide/docking_results/SP/1E9Z-glide-grid_995","docking_pv.maegz",251,"",,,"",,,,,,,,,,,,,,,,,,,,,,,"",,279,5110,false,0,2,51139,"W09IXVtOSF1DKD1PKVtDSDJdW05IXWMxW2NIXWMoRilbY0hdYyhGKVtjSF0x","J2VwaWtfcHl0aG9uJywgJy1waHQnLCAnMC4wJywgJy1waCcsICc3LjAnLCAnLXRuJywgJzgnLCAnLW1hJywgJzIwMCcsICctaW1hZScsICc8aW5maWxlLm1hZT4nLCAnLW9tYWUnLCAnPG91dGZpbGUubWFlPic=",1.000,0.0036,0.0000,0.0036,0.0000,0.000,0,0,0,"OPLS3e",12.740,true,"145958315.0-1","glide-grid_995",274,5,-3.201,-0.229,-0.551,-0.880,-3.201,-1.819,-0.173,0.000,-0.972,7.888,-11.411,1.203,-0.123,2.589,-3.524,11.343,9,346,0.000,"This compound has a N-S or N-O group and may undergo hydrolysis at high or low pH.",""
,"130006294.0","7800","283_130006294.0.1","2025-11-13 15:23:04","2025-11-13 15:23:04",,,,,,,"",,"","/home/db/Documentos/David_Hito2/Glide/docking_results/SP/1E9Z-glide-grid_995","docking_pv.maegz",252,"",,,"",,,,,,,,,,,,,,,,,,,,,,,"",,283,58900,false,0,2,51139,"W09IXVtOSF1DKD1PKVtDSDJdW05IXWMxW2NIXVtjSF1bY0hdW2NIXWMxQ2w=","J2VwaWtfcHl0aG9uJywgJy1waHQnLCAnMC4wJywgJy1waCcsICc3LjAnLCAnLXRuJywgJzgnLCAnLW1hJywgJzIwMCcsICctaW1hZScsICc8aW5maWxlLm1hZT4nLCAnLW9tYWUnLCAnPG91dGZpbGUubWFlPic=",1.000,0.0036,0.0000,0.0036,0.0000,0.000,0,0,0,"OPLS3e",20.874,true,"130006294.0-1","glide-grid_995",278,5,-3.199,-0.246,-0.579,-0.897,-3.199,-2.117,0.000,0.000,-1.931,-6.922,0.184,1.219,-0.052,-2.212,-6.738,9.232,16,314,0.000,"This compound has a N-S or N-O group and may undergo hydrolysis at high or low pH.",""
,"130841018.0","7801","254_130841018.0.1","2025-11-13 15:23:04","2025-11-13 15:23:04",,,,,,,"",,"","/home/db/Documentos/David_Hito2/Glide/docking_results/SP/1E9Z-glide-grid_995","docking_pv.maegz",253,"",,,"",,,,,,,,,,,,,,,,,,,,,,,"",,254,27000,false,0,2,51139,"W09IXVtOSF1DKD1PKVtDSDJdT2MxW2NIXVtjSF1bY0hdYyhGKVtjSF0x","J2VwaWtfcHl0aG9uJywgJy1waHQnLCAnMC4wJywgJy1waCcsICc3LjAnLCAnLXRuJywgJzgnLCAnLW1hJywgJzIwMCcsICctaW1hZScsICc8aW5maWxlLm1hZT4nLCAnLW9tYWUnLCAnPG91dGZpbGUubWFlPic=",1.000,0.0172,0.0000,0.0172,0.0000,0.000,0,0,0,"OPLS3e",16.525,true,"130841018.0-1","glide-grid_995",249,5,-3.168,-0.244,-0.573,-0.889,-3.168,-1.867,-0.084,0.000,-1.888,1.694,-4.487,1.392,-0.132,1.479,-2.793,12.659,13,14,0.000,"This compound has a N-S or N-O group and may undergo hydrolysis at high or low pH.",""
,"145952401.0","7802","267_145952401.0.1","2025-11-13 15:23:04","2025-11-13 15:23:04",,,,,,,"",,"","/home/db/Documentos/David_Hito2/Glide/docking_results/SP/1E9Z-glide-grid_995","docking_pv.maegz",254,"",,,"",,,,,,,,,,,,,,,,,,,,,,,"",,267,12300,false,0,2,51139,"W09IXVtOSF1DKD1PKVtDSDJdW05IXWMxW2NIXVtjSF1bY0hdW2NIXWMxQnI=","J2VwaWtfcHl0aG9uJywgJy1waHQnLCAnMC4wJywgJy1waCcsICc3LjAnLCAnLXRuJywgJzgnLCAnLW1hJywgJzIwMCcsICctaW1hZScsICc8aW5maWxlLm1hZT4nLCAnLW9tYWUnLCAnPG91dGZpbGUubWFlPic=",1.000,0.0036,0.0000,0.0036,0.0000,0.000,0,0,0,"OPLS3e",19.966,true,"145952401.0-1","glide-grid_995",262,5,-3.162,-0.243,-0.572,-0.887,-3.162,-1.932,0.000,0.000,-1.609,2.028,-2.893,0.869,-0.158,2.811,-0.865,8.638,16,138,0.000,"This compound has a N-S or N-O group and may undergo hydrolysis at high or low pH.",""
,"46769547.0","7803","289_46769547.0.1","2025-11-13 15:23:04","2025-11-13 15:23:04",,,,,,,"",,"","/home/db/Documentos/David_Hito2/Glide/docking_results/SP/1E9Z-glide-grid_995","docking_pv.maegz",255,"",,,"",,,,,,,,,,,,,,,,,,,,,,,"",,289,3910,false,0,2,51139,"W0NIM11jMVtjSF1bY0hdYyhbY0hdW2NIXTEpW05IXVtDSDJdQyg9TylbTkhdW09IXQ==","J2VwaWtfcHl0aG9uJywgJy1waHQnLCAnMC4wJywgJy1waCcsICc3LjAnLCAnLXRuJywgJzgnLCAnLW1hJywgJzIwMCcsICctaW1hZScsICc8aW5maWxlLm1hZT4nLCAnLW9tYWUnLCAnPG91dGZpbGUubWFlPic=",1.000,0.0039,0.0000,0.0039,0.0000,0.000,0,0,0,"OPLS3e",12.729,true,"46769547.0-1","glide-grid_995",284,5,-3.157,-0.243,-0.571,-0.886,-3.157,-2.082,-0.305,0.000,-1.864,-7.164,-3.249,1.941,-0.001,-7.856,-10.413,6.315,11,194,0.000,"This compound has a N-S or N-O group and may undergo hydrolysis at high or low pH.",""
,"130723063.0","7804","241_130723063.0.1","2025-11-13 15:23:04","2025-11-13 15:23:04",,,,,,,"",,"","/home/db/Documentos/David_Hito2/Glide/docking_results/SP/1E9Z-glide-grid_995","docking_pv.maegz",256,"",,,"",,,,,,,,,,,,,,,,,,,,,,,"",,241,121500,false,0,2,51139,"W09IXVtOSF1DKD1PKVtDSDJdT2MxW2NIXVtjSF1bY0hdW2NIXWMxRg==","J2VwaWtfcHl0aG9uJywgJy1waHQnLCAnMC4wJywgJy1waCcsICc3LjAnLCAnLXRuJywgJzgnLCAnLW1hJywgJzIwMCcsICctaW1hZScsICc8aW5maWxlLm1hZT4nLCAnLW9tYWUnLCAnPG91dGZpbGUubWFlPic=",1.000,0.0172,0.0000,0.0172,0.0000,0.000,0,0,0,"OPLS3e",13.476,true,"130723063.0-1","glide-grid_995",236,5,-3.156,-0.243,-0.571,-0.885,-3.156,-1.718,-0.174,0.000,-2.123,-1.348,-3.110,1.392,0.000,-2.251,-4.458,4.876,4,107,0.000,"This compound has a N-S or N-O group and may undergo hydrolysis at high or low pH.",""
,"145958315.0","7805","279_145958315.0.1","2025-11-13 15:23:04","2025-11-13 15:23:04",,,,,,,"",,"","/home/db/Documentos/David_Hito2/Glide/docking_results/SP/1E9Z-glide-grid_995","docking_pv.maegz",257,"",,,"",,,,,,,,,,,,,,,,,,,,,,,"",,279,5110,false,0,2,51139,"W09IXVtOSF1DKD1PKVtDSDJdW05IXWMxW2NIXWMoRilbY0hdYyhGKVtjSF0x","J2VwaWtfcHl0aG9uJywgJy1waHQnLCAnMC4wJywgJy1waCcsICc3LjAnLCAnLXRuJywgJzgnLCAnLW1hJywgJzIwMCcsICctaW1hZScsICc8aW5maWxlLm1hZT4nLCAnLW9tYWUnLCAnPG91dGZpbGUubWFlPic=",1.000,0.0036,0.0000,0.0036,0.0000,0.000,0,0,0,"OPLS3e",12.740,true,"145958315.0-1","glide-grid_995",274,5,-3.154,-0.225,-0.543,-0.867,-3.154,-1.480,-0.300,0.000,-1.723,1.530,-6.046,1.203,-0.023,-3.552,-4.516,5.260,15,370,0.000,"This compound has a N-S or N-O group and may undergo hydrolysis at high or low pH.",""
,"130005353.0","7806","273_130005353.0.1","2025-11-13 15:23:04","2025-11-13 15:23:04",,,,,,,"",,"","/home/db/Documentos/David_Hito2/Glide/docking_results/SP/1E9Z-glide-grid_995","docking_pv.maegz",258,"",,,"",,,,,,,,,,,,,,,,,,,,,,,"",,273,1150,false,0,2,51139,"W09IXVtOSF1DKD1PKVtDSDJdW05IXWMxW2NIXVtjSF1bY0hdYyhDbClbY0hdMQ==","J2VwaWtfcHl0aG9uJywgJy1waHQnLCAnMC4wJywgJy1waCcsICc3LjAnLCAnLXRuJywgJzgnLCAnLW1hJywgJzIwMCcsICctaW1hZScsICc8aW5maWxlLm1hZT4nLCAnLW9tYWUnLCAnPG91dGZpbGUubWFlPic=",1.000,0.0036,0.0000,0.0036,0.0000,0.000,0,0,0,"OPLS3e",17.625,true,"130005353.0-1","glide-grid_995",268,5,-3.149,-0.242,-0.570,-0.883,-3.149,-1.650,0.000,0.000,-1.821,-2.345,-4.072,1.219,-0.169,-1.790,-6.417,11.855,10,167,0.000,"This compound has a N-S or N-O group and may undergo hydrolysis at high or low pH.",""
,"46769547.0","7807","289_46769547.0.1","2025-11-13 15:23:04","2025-11-13 15:23:04",,,,,,,"",,"","/home/db/Documentos/David_Hito2/Glide/docking_results/SP/1E9Z-glide-grid_995","docking_pv.maegz",259,"",,,"",,,,,,,,,,,,,,,,,,,,,,,"",,289,3910,false,0,2,51139,"W0NIM11jMVtjSF1bY0hdYyhbY0hdW2NIXTEpW05IXVtDSDJdQyg9TylbTkhdW09IXQ==","J2VwaWtfcHl0aG9uJywgJy1waHQnLCAnMC4wJywgJy1waCcsICc3LjAnLCAnLXRuJywgJzgnLCAnLW1hJywgJzIwMCcsICctaW1hZScsICc8aW5maWxlLm1hZT4nLCAnLW9tYWUnLCAnPG91dGZpbGUubWFlPic=",1.000,0.0039,0.0000,0.0039,0.0000,0.000,0,0,0,"OPLS3e",12.729,true,"46769547.0-1","glide-grid_995",284,5,-3.146,-0.242,-0.569,-0.882,-3.146,-1.698,-0.470,0.000,-1.973,2.197,-6.892,1.941,-0.021,-3.580,-4.695,4.041,8,293,0.000,"This compound has a N-S or N-O group and may undergo hydrolysis at high or low pH.",""
,"130841018.0","7808","254_130841018.0.1","2025-11-13 15:23:04","2025-11-13 15:23:04",,,,,,,"",,"","/home/db/Documentos/David_Hito2/Glide/docking_results/SP/1E9Z-glide-grid_995","docking_pv.maegz",260,"",,,"",,,,,,,,,,,,,,,,,,,,,,,"",,254,27000,false,0,2,51139,"W09IXVtOSF1DKD1PKVtDSDJdT2MxW2NIXVtjSF1bY0hdYyhGKVtjSF0x","J2VwaWtfcHl0aG9uJywgJy1waHQnLCAnMC4wJywgJy1waCcsICc3LjAnLCAnLXRuJywgJzgnLCAnLW1hJywgJzIwMCcsICctaW1hZScsICc8aW5maWxlLm1hZT4nLCAnLW9tYWUnLCAnPG91dGZpbGUubWFlPic=",1.000,0.0172,0.0000,0.0172,0.0000,0.000,0,0,0,"OPLS3e",16.525,true,"130841018.0-1","glide-grid_995",249,5,-3.145,-0.242,-0.569,-0.882,-3.145,-1.975,0.000,0.000,-1.282,0.619,-7.741,1.392,-0.150,-4.124,-7.122,6.604,4,76,0.000,"This compound has a N-S or N-O group and may undergo hydrolysis at high or low pH.",""
,"46769547.0","7809","289_46769547.0.1","2025-11-13 15:23:04","2025-11-13 15:23:04",,,,,,,"",,"","/home/db/Documentos/David_Hito2/Glide/docking_results/SP/1E9Z-glide-grid_995","docking_pv.maegz",261,"",,,"",,,,,,,,,,,,,,,,,,,,,,,"",,289,3910,false,0,2,51139,"W0NIM11jMVtjSF1bY0hdYyhbY0hdW2NIXTEpW05IXVtDSDJdQyg9TylbTkhdW09IXQ==","J2VwaWtfcHl0aG9uJywgJy1waHQnLCAnMC4wJywgJy1waCcsICc3LjAnLCAnLXRuJywgJzgnLCAnLW1hJywgJzIwMCcsICctaW1hZScsICc8aW5maWxlLm1hZT4nLCAnLW9tYWUnLCAnPG91dGZpbGUubWFlPic=",1.000,0.0039,0.0000,0.0039,0.0000,0.000,0,0,0,"OPLS3e",12.729,true,"46769547.0-1","glide-grid_995",284,5,-3.140,-0.242,-0.568,-0.881,-3.140,-2.084,-0.304,0.000,-1.839,-5.583,-3.807,1.941,-0.004,-6.861,-9.389,6.095,11,113,0.000,"This compound has a N-S or N-O group and may undergo hydrolysis at high or low pH.",""
,"145958008.0","7810","280_145958008.0.1","2025-11-13 15:23:04","2025-11-13 15:23:04",,,,,,,"",,"","/home/db/Documentos/David_Hito2/Glide/docking_results/SP/1E9Z-glide-grid_995","docking_pv.maegz",262,"",,,"",,,,,,,,,,,,,,,,,,,,,,,"",,280,2982,false,0,2,51139,"W09IXVtOSF1DKD1PKVtDSDJdW0NIMl1bTkhdYzFbY0hdW2NIXVtjSF1bY0hdYzFDbA==","J2VwaWtfcHl0aG9uJywgJy1waHQnLCAnMC4wJywgJy1waCcsICc3LjAnLCAnLXRuJywgJzgnLCAnLW1hJywgJzIwMCcsICctaW1hZScsICc8aW5maWxlLm1hZT4nLCAnLW9tYWUnLCAnPG91dGZpbGUubWFlPic=",1.000,0.0035,0.0000,0.0035,0.0000,0.000,0,0,0,"OPLS3e",15.802,true,"145958008.0-1","glide-grid_995",275,6,-3.137,-0.224,-0.540,-0.862,-3.137,-2.115,-0.043,0.000,-1.944,-5.428,-0.908,1.451,-0.079,-4.427,-6.336,6.223,22,319,0.000,"This compound has a N-S or N-O group and may undergo hydrolysis at high or low pH.",""
,"145984444.0","7811","256_145984444.0.1","2025-11-13 15:23:04","2025-11-13 15:23:04",,,,,,,"",,"","/home/db/Documentos/David_Hito2/Glide/docking_results/SP/1E9Z-glide-grid_995","docking_pv.maegz",263,"",,,"",,,,,,,,,,,,,,,,,,,,,,,"",,256,94700,false,0,2,51139,"W09IXVtOSF1DKD1PKVtDSDJdT2MxW2NIXVtjSF1bY0hdYyhbTitdKD1PKVtPLV0pW2NIXTE=","J2VwaWtfcHl0aG9uJywgJy1waHQnLCAnMC4wJywgJy1waCcsICc3LjAnLCAnLXRuJywgJzgnLCAnLW1hJywgJzIwMCcsICctaW1hZScsICc8aW5maWxlLm1hZT4nLCAnLW9tYWUnLCAnPG91dGZpbGUubWFlPic=",1.000,0.0172,0.0000,0.0172,0.0000,0.000,0,2,0,"OPLS3e",17.021,true,"145984444.0-1","glide-grid_995",251,6,-3.130,-0.209,-0.515,-0.844,-3.130,-1.818,0.000,0.000,-1.658,2.028,-7.713,1.480,-0.078,-2.031,-5.686,8.142,25,10,0.000,"This compound has a N-S or N-O group and may undergo hydrolysis at high or low pH.",""
,"155514177.0","7812","82_155514177.0.1","2025-11-13 15:23:04","2025-11-13 15:23:04",,,,,,,"",,"","/home/db/Documentos/David_Hito2/Glide/docking_results/SP/1E9Z-glide-grid_995","docking_pv.maegz",264,"",,,"",,,,,,,,,,,,,,,,,,,,,,,"",,82,77200,true,0,2,51139,"W0NIM11OKFtPSF0pQyg9TylbQ0gyXVtDQEBIXShbT0hdKWMxW2NIXVtjSF1jKEYpW2NIXVtjSF0x","J2VwaWtfcHl0aG9uJywgJy1waHQnLCAnMC4wJywgJy1waCcsICc3LjAnLCAnLXRuJywgJzgnLCAnLW1hJywgJzIwMCcsICctaW1hZScsICc8aW5maWxlLm1hZT4nLCAnLW9tYWUnLCAnPG91dGZpbGUubWFlPic=",1.000,0.0063,0.0000,0.0063,0.0000,0.000,0,0,0,"OPLS3e",13.118,true,"155514177.0-1","glide-grid_995",82,6,-3.129,-0.209,-0.514,-0.844,-3.129,-1.937,0.000,0.000,-0.203,-3.285,-11.549,1.101,-0.192,-6.532,-14.834,10.333,10,223,0.000,"This compound has a N-S or N-O group and may undergo hydrolysis at high or low pH.",""
,"145956231.0","7813","290_145956231.0.1","2025-11-13 15:23:04","2025-11-13 15:23:04",,,,,,,"",,"","/home/db/Documentos/David_Hito2/Glide/docking_results/SP/1E9Z-glide-grid_995","docking_pv.maegz",265,"",,,"",,,,,,,,,,,,,,,,,,,,,,,"",,290,8210,false,0,2,51139,"W09IXVtOSF1DKD1PKVtDSDJdW05IXWMxW2NIXVtjSF1bY0hdYyhbTitdKD1PKVtPLV0pW2NIXTE=","J2VwaWtfcHl0aG9uJywgJy1waHQnLCAnMC4wJywgJy1waCcsICc3LjAnLCAnLXRuJywgJzgnLCAnLW1hJywgJzIwMCcsICctaW1hZScsICc8aW5maWxlLm1hZT4nLCAnLW9tYWUnLCAnPG91dGZpbGUubWFlPic=",1.000,0.0036,0.0000,0.0036,0.0000,0.000,0,2,0,"OPLS3e",23.160,true,"145956231.0-1","glide-grid_995",285,6,-3.128,-0.209,-0.514,-0.843,-3.128,-1.772,-0.307,0.000,-1.725,-10.407,-1.860,1.491,-0.016,-7.712,-12.266,9.759,26,41,0.000,"This compound has a N-S or N-O group and may undergo hydrolysis at high or low pH.",""
,"11183280.0","7814","245_11183280.0.1","2025-11-13 15:23:04","2025-11-13 15:23:04",,,,,,,"",,"","/home/db/Documentos/David_Hito2/Glide/docking_results/SP/1E9Z-glide-grid_995","docking_pv.maegz",266,"",,,"",,,,,,,,,,,,,,,,,,,,,,,"",,245,1260,false,0,2,51139,"W09IXVtOSF1DKD1PKVtDSDJdT2MxW2NIXVtjSF1jKENsKVtjSF1bY0hdMQ==","J2VwaWtfcHl0aG9uJywgJy1waHQnLCAnMC4wJywgJy1waCcsICc3LjAnLCAnLXRuJywgJzgnLCAnLW1hJywgJzIwMCcsICctaW1hZScsICc8aW5maWxlLm1hZT4nLCAnLW9tYWUnLCAnPG91dGZpbGUubWFlPic=",1.000,0.0172,0.0000,0.0172,0.0000,0.000,0,0,0,"OPLS3e",11.009,true,"11183280.0-1","glide-grid_995",240,5,-3.126,-0.240,-0.565,-0.877,-3.126,-2.047,0.000,0.000,-1.360,-7.620,-3.051,1.209,-0.089,-5.891,-10.671,9.466,13,370,0.000,"This compound has a N-S or N-O group and may undergo hydrolysis at high or low pH.",""
,"145983154.0","7815","231_145983154.0.1","2025-11-13 15:23:04","2025-11-13 15:23:04",,,,,,,"",,"","/home/db/Documentos/David_Hito2/Glide/docking_results/SP/1E9Z-glide-grid_995","docking_pv.maegz",267,"",,,"",,,,,,,,,,,,,,,,,,,,,,,"",,231,1130,false,0,2,51139,"W09IXVtOSF1DKD1PKVtDSDJdW0NIMl1PYzFbY0hdW2NIXWMoRilbY0hdW2NIXTE=","J2VwaWtfcHl0aG9uJywgJy1waHQnLCAnMC4wJywgJy1waCcsICc3LjAnLCAnLXRuJywgJzgnLCAnLW1hJywgJzIwMCcsICctaW1hZScsICc8aW5maWxlLm1hZT4nLCAnLW9tYWUnLCAnPG91dGZpbGUubWFlPic=",1.000,0.0070,0.0000,0.0070,0.0000,0.000,0,0,0,"OPLS3e",9.111,true,"145983154.0-1","glide-grid_995",226,6,-3.110,-0.222,-0.535,-0.855,-3.110,-1.866,0.000,0.000,-1.878,2.398,-7.055,1.645,-0.072,-4.540,-4.658,6.392,4,94,0.000,"This compound has a N-S or N-O group and may undergo hydrolysis at high or low pH.",""
,"145974348.0","7816","270_145974348.0.1","2025-11-13 15:23:04","2025-11-13 15:23:04",,,,,,,"",,"","/home/db/Documentos/David_Hito2/Glide/docking_results/SP/1E9Z-glide-grid_995","docking_pv.maegz",268,"",,,"",,,,,,,,,,,,,,,,,,,,,,,"",,270,8515,false,0,2,51139,"W09IXVtOSF1DKD1PKVtDSDJdW05IXWMxW2NIXWMoQ2wpW2NIXWMoQ2wpW2NIXTE=","J2VwaWtfcHl0aG9uJywgJy1waHQnLCAnMC4wJywgJy1waCcsICc3LjAnLCAnLXRuJywgJzgnLCAnLW1hJywgJzIwMCcsICctaW1hZScsICc8aW5maWxlLm1hZT4nLCAnLW9tYWUnLCAnPG91dGZpbGUubWFlPic=",1.000,0.0036,0.0000,0.0036,0.0000,0.000,0,0,0,"OPLS3e",15.651,true,"145974348.0-1","glide-grid_995",265,5,-3.098,-0.221,-0.533,-0.851,-3.098,-1.441,-0.208,0.000,-1.498,7.158,-8.280,0.933,0.000,-4.970,-1.122,3.968,9,257,0.000,"This compound has a N-S or N-O group and may undergo hydrolysis at high or low pH.",""
,"145958045.0","7817","302_145958045.0.1","2025-11-13 15:23:04","2025-11-13 15:23:04",,,,,,,"",,"","/home/db/Documentos/David_Hito2/Glide/docking_results/SP/1E9Z-glide-grid_995","docking_pv.maegz",269,"",,,"",,,,,,,,,,,,,,,,,,,,,,,"",,302,152000,false,0,2,51139,"W0NIM11PYzFbY0hdW2NIXVtjSF1bY0hdYzFbTkhdW0NIMl1DKD1PKVtOSF1bT0hd","J2VwaWtfcHl0aG9uJywgJy1waHQnLCAnMC4wJywgJy1waCcsICc3LjAnLCAnLXRuJywgJzgnLCAnLW1hJywgJzIwMCcsICctaW1hZScsICc8aW5maWxlLm1hZT4nLCAnLW9tYWUnLCAnPG91dGZpbGUubWFlPic=",1.000,0.0037,0.0000,0.0037,0.0000,0.000,0,0,0,"OPLS3e",23.311,true,"145958045.0-1","glide-grid_995",297,6,-3.092,-0.221,-0.532,-0.850,-3.092,-2.091,0.000,0.000,-1.983,-3.752,-3.174,1.686,-0.040,-2.061,-6.926,12.377,20,340,0.000,"This compound has a N-S or N-O group and may undergo hydrolysis at high or low pH.",""
,"145985446.0","7818","236_145985446.0.1","2025-11-13 15:23:04","2025-11-13 15:23:04",,,,,,,"",,"","/home/db/Documentos/David_Hito2/Glide/docking_results/SP/1E9Z-glide-grid_995","docking_pv.maegz",270,"",,,"",,,,,,,,,,,,,,,,,,,,,,,"",,236,13100,false,0,2,51139,"W09IXVtOSF1DKD1PKVtDSDJdW0NIMl1PYzFbY0hdYyhDbClbY0hdW2NIXWMxQ2w=","J2VwaWtfcHl0aG9uJywgJy1waHQnLCAnMC4wJywgJy1waCcsICc3LjAnLCAnLXRuJywgJzgnLCAnLW1hJywgJzIwMCcsICctaW1hZScsICc8aW5maWxlLm1hZT4nLCAnLW9tYWUnLCAnPG91dGZpbGUubWFlPic=",1.000,0.0075,0.0000,0.0075,0.0000,0.000,0,0,0,"OPLS3e",10.150,true,"145985446.0-1","glide-grid_995",231,6,-3.086,-0.206,-0.507,-0.832,-3.086,-1.496,0.000,0.000,-1.454,8.188,-10.120,1.119,-0.147,3.857,-1.932,12.530,7,155,0.000,"This compound has a N-S or N-O group and may undergo hydrolysis at high or low pH.",""
,"145959103.0","7819","276_145959103.0.1","2025-11-13 15:23:04","2025-11-13 15:23:04",,,,,,,"",,"","/home/db/Documentos/David_Hito2/Glide/docking_results/SP/1E9Z-glide-grid_995","docking_pv.maegz",271,"",,,"",,,,,,,,,,,,,,,,,,,,,,,"",,276,1220,false,0,2,51139,"W09IXVtOSF1DKD1PKVtDSDJdW0NIMl1bTkhdYzFbY0hdW2NIXVtjSF1bY0hdW2NIXTE=","J2VwaWtfcHl0aG9uJywgJy1waHQnLCAnMC4wJywgJy1waCcsICc3LjAnLCAnLXRuJywgJzgnLCAnLW1hJywgJzIwMCcsICctaW1hZScsICc8aW5maWxlLm1hZT4nLCAnLW9tYWUnLCAnPG91dGZpbGUubWFlPic=",1.000,0.0040,0.0000,0.0040,0.0000,0.000,0,0,0,"OPLS3e",11.878,true,"145959103.0-1","glide-grid_995",271,6,-3.085,-0.237,-0.558,-0.865,-3.085,-1.843,0.000,0.000,-2.134,-6.559,-4.188,1.941,-0.093,-8.728,-10.747,14.519,40,361,0.000,"This compound has a N-S or N-O group and may undergo hydrolysis at high or low pH.",""
,"24705008.0","7820","237_24705008.0.1","2025-11-13 15:23:04","2025-11-13 15:23:04",,,,,,,"",,"","/home/db/Documentos/David_Hito2/Glide/docking_results/SP/1E9Z-glide-grid_995","docking_pv.maegz",272,"",,,"",,,,,,,,,,,,,,,,,,,,,,,"",,237,3380,false,0,2,51139,"W0NIM11jMVtjSF1bY0hdW2NIXWMoW2NIXTEpT1tDSDJdW0NIMl1DKD1PKVtOSF1bT0hd","J2VwaWtfcHl0aG9uJywgJy1waHQnLCAnMC4wJywgJy1waCcsICc3LjAnLCAnLXRuJywgJzgnLCAnLW1hJywgJzIwMCcsICctaW1hZScsICc8aW5maWxlLm1hZT4nLCAnLW9tYWUnLCAnPG91dGZpbGUubWFlPic=",1.000,0.0068,0.0000,0.0068,0.0000,0.000,0,0,0,"OPLS3e",11.759,true,"24705008.0-1","glide-grid_995",232,6,-3.085,-0.220,-0.531,-0.848,-3.085,-1.580,0.000,0.000,-1.826,-0.476,-10.797,2.126,-0.161,-4.700,-11.273,11.881,82,274,0.000,"This compound has a N-S or N-O group and may undergo hydrolysis at high or low pH.",""
,"3252458.0","7821","242_3252458.0.1","2025-11-13 15:23:04","2025-11-13 15:23:04",,,,,,,"",,"","/home/db/Documentos/David_Hito2/Glide/docking_results/SP/1E9Z-glide-grid_995","docking_pv.maegz",273,"",,,"",,,,,,,,,,,,,,,,,,,,,,,"",,242,131200,false,0,2,51139,"W09IXVtOSF1DKD1PKVtDSDJdT2MxW2NIXVtjSF1bY0hdW2NIXVtjSF0x","J2VwaWtfcHl0aG9uJywgJy1waHQnLCAnMC4wJywgJy1waCcsICc3LjAnLCAnLXRuJywgJzgnLCAnLW1hJywgJzIwMCcsICctaW1hZScsICc8aW5maWxlLm1hZT4nLCAnLW9tYWUnLCAnPG91dGZpbGUubWFlPic=",1.000,0.0172,0.0000,0.0172,0.0000,0.000,0,0,0,"OPLS3e",16.996,true,"3252458.0-1","glide-grid_995",237,5,-3.082,-0.257,-0.588,-0.884,-3.082,-1.897,-0.091,0.000,-1.547,-1.880,-6.660,1.646,-0.100,-4.011,-8.540,13.569,13,49,0.000,"This compound has a N-S or N-O group and may undergo hydrolysis at high or low pH.",""
,"145985598.0","7822","255_145985598.0.1","2025-11-13 15:23:04","2025-11-13 15:23:04",,,,,,,"",,"","/home/db/Documentos/David_Hito2/Glide/docking_results/SP/1E9Z-glide-grid_995","docking_pv.maegz",274,"",,,"",,,,,,,,,,,,,,,,,,,,,,,"",,255,5090,false,0,2,51139,"W09IXVtOSF1DKD1PKVtDSDJdW0NIMl1PYzFbY0hdYyhGKVtjSF1jKEYpW2NIXTE=","J2VwaWtfcHl0aG9uJywgJy1waHQnLCAnMC4wJywgJy1waCcsICc3LjAnLCAnLXRuJywgJzgnLCAnLW1hJywgJzIwMCcsICctaW1hZScsICc8aW5maWxlLm1hZT4nLCAnLW9tYWUnLCAnPG91dGZpbGUubWFlPic=",1.000,0.0071,0.0000,0.0071,0.0000,0.000,0,0,0,"OPLS3e",7.161,true,"145985598.0-1","glide-grid_995",250,6,-3.081,-0.205,-0.507,-0.831,-3.081,-1.810,-0.010,0.000,-1.834,6.671,-7.366,1.423,-0.079,2.359,-0.695,6.867,4,137,0.000,"This compound has a N-S or N-O group and may undergo hydrolysis at high or low pH.",""
,"21935074.0","7823","248_21935074.0.1","2025-11-13 15:23:04","2025-11-13 15:23:04",,,,,,,"",,"","/home/db/Documentos/David_Hito2/Glide/docking_results/SP/1E9Z-glide-grid_995","docking_pv.maegz",275,"",,,"",,,,,,,,,,,,,,,,,,,,,,,"",,248,4180,false,0,2,51139,"W09IXVtOSF1DKD1PKVtDSDJdW0NIMl1PYzFbY0hdW2NIXVtjSF1bY0hdW2NIXTE=","J2VwaWtfcHl0aG9uJywgJy1waHQnLCAnMC4wJywgJy1waCcsICc3LjAnLCAnLXRuJywgJzgnLCAnLW1hJywgJzIwMCcsICctaW1hZScsICc8aW5maWxlLm1hZT4nLCAnLW9tYWUnLCAnPG91dGZpbGUubWFlPic=",1.000,0.0070,0.0000,0.0070,0.0000,0.000,0,0,0,"OPLS3e",10.224,true,"21935074.0-1","glide-grid_995",243,6,-3.069,-0.236,-0.555,-0.861,-3.069,-1.797,0.000,0.000,-2.093,0.881,-7.155,1.924,-0.073,-7.285,-6.275,5.303,4,195,0.000,"This compound has a N-S or N-O group and may undergo hydrolysis at high or low pH.",""
,"95562485.0","7824","258_95562485.0.1","2025-11-13 15:23:04","2025-11-13 15:23:04",,,,,,,"",,"","/home/db/Documentos/David_Hito2/Glide/docking_results/SP/1E9Z-glide-grid_995","docking_pv.maegz",276,"",,,"",,,,,,,,,,,,,,,,,,,,,,,"",,258,62100,false,0,2,51139,"W09IXVtOSF1DKD1PKVtDSDJdT2MxW2NIXVtjSF1jKFtOK10oPU8pW08tXSlbY0hdW2NIXTE=","J2VwaWtfcHl0aG9uJywgJy1waHQnLCAnMC4wJywgJy1waCcsICc3LjAnLCAnLXRuJywgJzgnLCAnLW1hJywgJzIwMCcsICctaW1hZScsICc8aW5maWxlLm1hZT4nLCAnLW9tYWUnLCAnPG91dGZpbGUubWFlPic=",1.000,0.0172,0.0000,0.0172,0.0000,0.000,0,2,0,"OPLS3e",13.382,true,"95562485.0-1","glide-grid_995",253,6,-3.056,-0.204,-0.503,-0.824,-3.056,-1.776,-0.304,0.000,-1.689,-3.297,-3.919,1.480,-0.014,-1.511,-7.216,10.829,48,133,0.000,"This compound has a N-S or N-O group and may undergo hydrolysis at high or low pH.",""
,"155562391.0","7825","88_155562391.0.1","2025-11-13 15:23:04","2025-11-13 15:23:04",,,,,,,"",,"","/home/db/Documentos/David_Hito2/Glide/docking_results/SP/1E9Z-glide-grid_995","docking_pv.maegz",277,"",,,"",,,,,,,,,,,,,,,,,,,,,,,"",,88,71200,true,0,2,51139,"W0NIM11OKFtPSF0pQyg9TylbQ0gyXVtDQEBIXShbT0hdKWMxW2NIXVtjSF1bY0hdYyhGKVtjSF0x","J2VwaWtfcHl0aG9uJywgJy1waHQnLCAnMC4wJywgJy1waCcsICc3LjAnLCAnLXRuJywgJzgnLCAnLW1hJywgJzIwMCcsICctaW1hZScsICc8aW5maWxlLm1hZT4nLCAnLW9tYWUnLCAnPG91dGZpbGUubWFlPic=",1.000,0.0063,0.0000,0.0063,0.0000,0.000,0,0,0,"OPLS3e",15.144,true,"155562391.0-1","glide-grid_995",88,6,-3.055,-0.204,-0.502,-0.824,-3.055,-2.073,0.000,0.000,0.019,-1.169,-12.542,1.101,-0.162,-5.453,-13.711,6.874,8,339,0.000,"This compound has a N-S or N-O group and may undergo hydrolysis at high or low pH.",""
,"145958045.0","7826","302_145958045.0.1","2025-11-13 15:23:04","2025-11-13 15:23:04",,,,,,,"",,"","/home/db/Documentos/David_Hito2/Glide/docking_results/SP/1E9Z-glide-grid_995","docking_pv.maegz",278,"",,,"",,,,,,,,,,,,,,,,,,,,,,,"",,302,152000,false,0,2,51139,"W0NIM11PYzFbY0hdW2NIXVtjSF1bY0hdYzFbTkhdW0NIMl1DKD1PKVtOSF1bT0hd","J2VwaWtfcHl0aG9uJywgJy1waHQnLCAnMC4wJywgJy1waCcsICc3LjAnLCAnLXRuJywgJzgnLCAnLW1hJywgJzIwMCcsICctaW1hZScsICc8aW5maWxlLm1hZT4nLCAnLW9tYWUnLCAnPG91dGZpbGUubWFlPic=",1.000,0.0037,0.0000,0.0037,0.0000,0.000,0,0,0,"OPLS3e",23.311,true,"145958045.0-1","glide-grid_995",297,6,-3.043,-0.217,-0.524,-0.836,-3.043,-1.849,0.000,0.000,-2.032,-6.431,-2.921,1.686,-0.089,-3.102,-9.353,15.380,34,322,0.000,"This compound has a N-S or N-O group and may undergo hydrolysis at high or low pH.",""
,"145983648.0","7827","249_145983648.0.1","2025-11-13 15:23:04","2025-11-13 15:23:04",,,,,,,"",,"","/home/db/Documentos/David_Hito2/Glide/docking_results/SP/1E9Z-glide-grid_995","docking_pv.maegz",279,"",,,"",,,,,,,,,,,,,,,,,,,,,,,"",,249,247,false,0,2,51139,"W09IXVtOSF1DKD1PKVtDSDJdW0NIMl1PYzFbY0hdW2NIXWMoQ2wpW2NIXVtjSF0x","J2VwaWtfcHl0aG9uJywgJy1waHQnLCAnMC4wJywgJy1waCcsICc3LjAnLCAnLXRuJywgJzgnLCAnLW1hJywgJzIwMCcsICctaW1hZScsICc8aW5maWxlLm1hZT4nLCAnLW9tYWUnLCAnPG91dGZpbGUubWFlPic=",1.000,0.0073,0.0000,0.0073,0.0000,0.000,0,0,0,"OPLS3e",9.078,true,"145983648.0-1","glide-grid_995",244,6,-3.035,-0.217,-0.523,-0.834,-3.035,-1.973,-0.050,0.000,-1.728,-1.129,-3.934,1.440,-0.077,-1.994,-5.063,7.279,4,64,0.000,"This compound has a N-S or N-O group and may undergo hydrolysis at high or low pH.",""
,"145983154.0","7828","231_145983154.0.1","2025-11-13 15:23:04","2025-11-13 15:23:04",,,,,,,"",,"","/home/db/Documentos/David_Hito2/Glide/docking_results/SP/1E9Z-glide-grid_995","docking_pv.maegz",280,"",,,"",,,,,,,,,,,,,,,,,,,,,,,"",,231,1130,false,0,2,51139,"W09IXVtOSF1DKD1PKVtDSDJdW0NIMl1PYzFbY0hdW2NIXWMoRilbY0hdW2NIXTE=","J2VwaWtfcHl0aG9uJywgJy1waHQnLCAnMC4wJywgJy1waCcsICc3LjAnLCAnLXRuJywgJzgnLCAnLW1hJywgJzIwMCcsICctaW1hZScsICc8aW5maWxlLm1hZT4nLCAnLW9tYWUnLCAnPG91dGZpbGUubWFlPic=",1.000,0.0070,0.0000,0.0070,0.0000,0.000,0,0,0,"OPLS3e",9.111,true,"145983154.0-1","glide-grid_995",226,6,-3.024,-0.216,-0.521,-0.831,-3.024,-1.877,0.000,0.000,-1.941,-1.758,-4.275,1.645,-0.122,-2.782,-6.033,12.820,31,366,0.000,"This compound has a N-S or N-O group and may undergo hydrolysis at high or low pH.",""
,"145984854.0","7829","234_145984854.0.1","2025-11-13 15:23:04","2025-11-13 15:23:04",,,,,,,"",,"","/home/db/Documentos/David_Hito2/Glide/docking_results/SP/1E9Z-glide-grid_995","docking_pv.maegz",281,"",,,"",,,,,,,,,,,,,,,,,,,,,,,"",,234,205400,false,0,2,51139,"W09IXVtOSF1DKD1PKVtDSDJdT2MxW2NIXWMoRilbY0hdYyhGKVtjSF0x","J2VwaWtfcHl0aG9uJywgJy1waHQnLCAnMC4wJywgJy1waCcsICc3LjAnLCAnLXRuJywgJzgnLCAnLW1hJywgJzIwMCcsICctaW1hZScsICc8aW5maWxlLm1hZT4nLCAnLW9tYWUnLCAnPG91dGZpbGUubWFlPic=",1.000,0.0172,0.0000,0.0172,0.0000,0.000,0,0,0,"OPLS3e",13.143,true,"145984854.0-1","glide-grid_995",229,5,-3.008,-0.215,-0.518,-0.826,-3.008,-1.772,0.000,0.000,-1.606,-5.746,-2.977,1.194,-0.089,-3.775,-8.724,8.103,13,335,0.000,"This compound has a N-S or N-O group and may undergo hydrolysis at high or low pH.",""
,"59336415.0","7830","251_59336415.0.1","2025-11-13 15:23:04","2025-11-13 15:23:04",,,,,,,"",,"","/home/db/Documentos/David_Hito2/Glide/docking_results/SP/1E9Z-glide-grid_995","docking_pv.maegz",282,"",,,"",,,,,,,,,,,,,,,,,,,,,,,"",,251,57100,false,0,2,51139,"W0NIM11jMVtjSF1bY0hdYyhbY0hdW2NIXTEpT1tDSDJdQyg9TylbTkhdW09IXQ==","J2VwaWtfcHl0aG9uJywgJy1waHQnLCAnMC4wJywgJy1waCcsICc3LjAnLCAnLXRuJywgJzgnLCAnLW1hJywgJzIwMCcsICctaW1hZScsICc8aW5maWxlLm1hZT4nLCAnLW9tYWUnLCAnPG91dGZpbGUubWFlPic=",1.000,0.0172,0.0000,0.0172,0.0000,0.000,0,0,0,"OPLS3e",10.143,true,"59336415.0-1","glide-grid_995",246,5,-3.002,-0.231,-0.543,-0.842,-3.002,-1.958,0.000,0.000,-1.863,0.381,-6.859,1.924,-0.095,-4.028,-6.478,7.532,24,397,0.000,"This compound has a N-S or N-O group and may undergo hydrolysis at high or low pH.",""
,"145951218.0","7831","271_145951218.0.1","2025-11-13 15:23:04","2025-11-13 15:23:04",,,,,,,"",,"","/home/db/Documentos/David_Hito2/Glide/docking_results/SP/1E9Z-glide-grid_995","docking_pv.maegz",283,"",,,"",,,,,,,,,,,,,,,,,,,,,,,"",,271,1640,false,0,2,51139,"W0NIM11PYzFbY0hdW2NIXVtjSF1bY0hdYzFbTkhdW0NIMl1bQ0gyXUMoPU8pW05IXVtPSF0=","J2VwaWtfcHl0aG9uJywgJy1waHQnLCAnMC4wJywgJy1waCcsICc3LjAnLCAnLXRuJywgJzgnLCAnLW1hJywgJzIwMCcsICctaW1hZScsICc8aW5maWxlLm1hZT4nLCAnLW9tYWUnLCAnPG91dGZpbGUubWFlPic=",1.000,0.0040,0.0000,0.0040,0.0000,0.000,0,0,0,"OPLS3e",21.852,true,"145951218.0-1","glide-grid_995",266,7,-2.991,-0.199,-0.492,-0.807,-2.991,-2.000,-0.024,0.000,-1.901,3.769,-6.453,1.878,-0.165,6.773,-2.683,19.012,94,257,0.000,"This compound has a N-S or N-O group and may undergo hydrolysis at high or low pH.",""
,"145974309.0","7832","269_145974309.0.1","2025-11-13 15:23:04","2025-11-13 15:23:04",,,,,,,"",,"","/home/db/Documentos/David_Hito2/Glide/docking_results/SP/1E9Z-glide-grid_995","docking_pv.maegz",284,"",,,"",,,,,,,,,,,,,,,,,,,,,,,"",,269,2120,false,0,2,51139,"W0NIM11jMVtjSF1jKFtDSDNdKVtjSF1jKFtjSF0xKVtOSF1bQ0gyXUMoPU8pW05IXVtPSF0=","J2VwaWtfcHl0aG9uJywgJy1waHQnLCAnMC4wJywgJy1waCcsICc3LjAnLCAnLXRuJywgJzgnLCAnLW1hJywgJzIwMCcsICctaW1hZScsICc8aW5maWxlLm1hZT4nLCAnLW9tYWUnLCAnPG91dGZpbGUubWFlPic=",1.000,0.0039,0.0000,0.0039,0.0000,0.000,0,0,0,"OPLS3e",13.275,true,"145974309.0-1","glide-grid_995",264,5,-2.990,-0.214,-0.515,-0.822,-2.990,-1.980,0.000,0.000,-2.092,-0.751,-3.936,1.715,-0.005,-6.678,-4.687,4.229,27,71,0.000,"This compound has a N-S or N-O group and may undergo hydrolysis at high or low pH.",""
,"129928412.0","7833","286_129928412.0.1","2025-11-13 15:23:04","2025-11-13 15:23:04",,,,,,,"",,"","/home/db/Documentos/David_Hito2/Glide/docking_results/SP/1E9Z-glide-grid_995","docking_pv.maegz",285,"",,,"",,,,,,,,,,,,,,,,,,,,,,,"",,286,7410,false,0,2,51139,"W09IXVtOSF1DKD1PKVtDSDJdW05IXWMxW2NIXVtjSF1jKEYpW2NIXVtjSF0x","J2VwaWtfcHl0aG9uJywgJy1waHQnLCAnMC4wJywgJy1waCcsICc3LjAnLCAnLXRuJywgJzgnLCAnLW1hJywgJzIwMCcsICctaW1hZScsICc8aW5maWxlLm1hZT4nLCAnLW9tYWUnLCAnPG91dGZpbGUubWFlPic=",1.000,0.0038,0.0000,0.0038,0.0000,0.000,0,0,0,"OPLS3e",16.003,true,"129928412.0-1","glide-grid_995",281,5,-2.985,-0.230,-0.540,-0.837,-2.985,-1.678,-0.166,0.000,-1.921,-2.734,-2.479,1.404,-0.116,-6.451,-5.213,5.884,17,115,0.000,"This compound has a N-S or N-O group and may undergo hydrolysis at high or low pH.",""
,"145984444.0","7834","256_145984444.0.1","2025-11-13 15:23:04","2025-11-13 15:23:04",,,,,,,"",,"","/home/db/Documentos/David_Hito2/Glide/docking_results/SP/1E9Z-glide-grid_995","docking_pv.maegz",286,"",,,"",,,,,,,,,,,,,,,,,,,,,,,"",,256,94700,false,0,2,51139,"W09IXVtOSF1DKD1PKVtDSDJdT2MxW2NIXVtjSF1bY0hdYyhbTitdKD1PKVtPLV0pW2NIXTE=","J2VwaWtfcHl0aG9uJywgJy1waHQnLCAnMC4wJywgJy1waCcsICc3LjAnLCAnLXRuJywgJzgnLCAnLW1hJywgJzIwMCcsICctaW1hZScsICc8aW5maWxlLm1hZT4nLCAnLW9tYWUnLCAnPG91dGZpbGUubWFlPic=",1.000,0.0172,0.0000,0.0172,0.0000,0.000,0,2,0,"OPLS3e",17.021,true,"145984444.0-1","glide-grid_995",251,6,-2.985,-0.199,-0.491,-0.805,-2.985,-1.735,0.000,0.000,-2.062,5.320,-5.903,1.480,-0.048,1.146,-0.583,5.620,9,184,0.000,"This compound has a N-S or N-O group and may undergo hydrolysis at high or low pH.",""
,"71721720.0","7835","66_71721720.0.1","2025-11-13 15:23:04","2025-11-13 15:23:04",,,,,,,"",,"","/home/db/Documentos/David_Hito2/Glide/docking_results/SP/1E9Z-glide-grid_995","docking_pv.maegz",287,"",,,"",,,,,,,,,,,,,,,,,,,,,,,"",,66,15600,true,0,2,51139,"W09IXVtOSF1DKD1PKVtDSDJdW0NAQEhdKFtPSF0pYzFbY0hdW2NIXVtjSF1bY0hdW2NIXTE=","J2VwaWtfcHl0aG9uJywgJy1waHQnLCAnMC4wJywgJy1waCcsICc3LjAnLCAnLXRuJywgJzgnLCAnLW1hJywgJzIwMCcsICctaW1hZScsICc8aW5maWxlLm1hZT4nLCAnLW9tYWUnLCAnPG91dGZpbGUubWFlPic=",1.000,0.0062,0.0000,0.0062,0.0000,0.000,0,0,0,"OPLS3e",7.375,true,"71721720.0-1","glide-grid_995",66,6,-2.979,-0.229,-0.539,-0.836,-2.979,-1.845,-0.103,0.000,-2.144,0.811,-2.231,1.443,-0.037,-1.812,-1.420,4.149,1,32,0.000,"This compound has a N-S or N-O group and may undergo hydrolysis at high or low pH.",""
,"155514177.0","7836","82_155514177.0.1","2025-11-13 15:23:04","2025-11-13 15:23:04",,,,,,,"",,"","/home/db/Documentos/David_Hito2/Glide/docking_results/SP/1E9Z-glide-grid_995","docking_pv.maegz",288,"",,,"",,,,,,,,,,,,,,,,,,,,,,,"",,82,77200,true,0,2,51139,"W0NIM11OKFtPSF0pQyg9TylbQ0gyXVtDQEBIXShbT0hdKWMxW2NIXVtjSF1jKEYpW2NIXVtjSF0x","J2VwaWtfcHl0aG9uJywgJy1waHQnLCAnMC4wJywgJy1waCcsICc3LjAnLCAnLXRuJywgJzgnLCAnLW1hJywgJzIwMCcsICctaW1hZScsICc8aW5maWxlLm1hZT4nLCAnLW9tYWUnLCAnPG91dGZpbGUubWFlPic=",1.000,0.0063,0.0000,0.0063,0.0000,0.000,0,0,0,"OPLS3e",13.118,true,"155514177.0-1","glide-grid_995",82,6,-2.977,-0.198,-0.489,-0.803,-2.977,-1.747,0.000,0.000,-1.918,-4.208,-1.175,1.101,-0.025,-3.788,-5.383,6.540,11,341,0.000,"This compound has a N-S or N-O group and may undergo hydrolysis at high or low pH.",""
,"155547948.0","7837","100_155547948.0.1","2025-11-13 15:23:04","2025-11-13 15:23:04",,,,,,,"",,"","/home/db/Documentos/David_Hito2/Glide/docking_results/SP/1E9Z-glide-grid_995","docking_pv.maegz",289,"",,,"",,,,,,,,,,,,,,,,,,,,,,,"",,100,89200,true,0,2,51139,"W0NIM11PYzFbY0hdW2NIXVtjSF1jKFtjSF0xKVtDQEBIXShbT0hdKVtDSDJdQyg9TylOKFtDSDNdKVtPSF0=","J2VwaWtfcHl0aG9uJywgJy1waHQnLCAnMC4wJywgJy1waCcsICc3LjAnLCAnLXRuJywgJzgnLCAnLW1hJywgJzIwMCcsICctaW1hZScsICc8aW5maWxlLm1hZT4nLCAnLW9tYWUnLCAnPG91dGZpbGUubWFlPic=",1.000,0.0063,0.0000,0.0063,0.0000,0.000,0,0,0,"OPLS3e",20.091,true,"155547948.0-1","glide-grid_995",100,7,-2.974,-0.186,-0.468,-0.788,-2.974,-1.857,0.000,0.000,-0.619,-8.392,-8.397,1.338,-0.157,-10.433,-16.789,12.323,23,12,0.000,"This compound has a N-S or N-O group and may undergo hydrolysis at high or low pH.",""
,"145951218.0","7838","271_145951218.0.1","2025-11-13 15:23:04","2025-11-13 15:23:04",,,,,,,"",,"","/home/db/Documentos/David_Hito2/Glide/docking_results/SP/1E9Z-glide-grid_995","docking_pv.maegz",290,"",,,"",,,,,,,,,,,,,,,,,,,,,,,"",,271,1640,false,0,2,51139,"W0NIM11PYzFbY0hdW2NIXVtjSF1bY0hdYzFbTkhdW0NIMl1bQ0gyXUMoPU8pW05IXVtPSF0=","J2VwaWtfcHl0aG9uJywgJy1waHQnLCAnMC4wJywgJy1waCcsICc3LjAnLCAnLXRuJywgJzgnLCAnLW1hJywgJzIwMCcsICctaW1hZScsICc8aW5maWxlLm1hZT4nLCAnLW9tYWUnLCAnPG91dGZpbGUubWFlPic=",1.000,0.0040,0.0000,0.0040,0.0000,0.000,0,0,0,"OPLS3e",21.852,true,"145951218.0-1","glide-grid_995",266,7,-2.962,-0.197,-0.487,-0.799,-2.962,-1.624,0.000,0.000,-1.871,9.890,-11.527,1.878,-0.110,5.781,-1.637,14.761,27,183,0.000,"This compound has a N-S or N-O group and may undergo hydrolysis at high or low pH.",""
,"155540829.0","7839","89_155540829.0.1","2025-11-13 15:23:04","2025-11-13 15:23:04",,,,,,,"",,"","/home/db/Documentos/David_Hito2/Glide/docking_results/SP/1E9Z-glide-grid_995","docking_pv.maegz",291,"",,,"",,,,,,,,,,,,,,,,,,,,,,,"",,89,48000,true,0,2,51139,"W0NIM11OKFtPSF0pQyg9TylbQ0gyXVtDQEBIXShbT0hdKWMxW2NIXVtjSF1bY0hdYyhDbClbY0hdMQ==","J2VwaWtfcHl0aG9uJywgJy1waHQnLCAnMC4wJywgJy1waCcsICc3LjAnLCAnLXRuJywgJzgnLCAnLW1hJywgJzIwMCcsICctaW1hZScsICc8aW5maWxlLm1hZT4nLCAnLW9tYWUnLCAnPG91dGZpbGUubWFlPic=",1.000,0.0063,0.0000,0.0063,0.0000,0.000,0,0,0,"OPLS3e",15.022,true,"155540829.0-1","glide-grid_995",89,6,-2.954,-0.197,-0.486,-0.797,-2.954,-1.751,-0.246,0.000,-0.307,0.666,-10.455,0.971,-0.086,-9.171,-9.789,3.752,3,115,0.000,"This compound has a N-S or N-O group and may undergo hydrolysis at high or low pH.",""
,"145983362.0","7840","232_145983362.0.1","2025-11-13 15:23:04","2025-11-13 15:23:04",,,,,,,"",,"","/home/db/Documentos/David_Hito2/Glide/docking_results/SP/1E9Z-glide-grid_995","docking_pv.maegz",292,"",,,"",,,,,,,,,,,,,,,,,,,,,,,"",,232,1230,false,0,2,51139,"W09IXVtOSF1DKD1PKVtDSDJdW0NIMl1PYzFbY0hdW2NIXVtjSF1jKENsKVtjSF0x","J2VwaWtfcHl0aG9uJywgJy1waHQnLCAnMC4wJywgJy1waCcsICc3LjAnLCAnLXRuJywgJzgnLCAnLW1hJywgJzIwMCcsICctaW1hZScsICc8aW5maWxlLm1hZT4nLCAnLW9tYWUnLCAnPG91dGZpbGUubWFlPic=",1.000,0.0072,0.0000,0.0072,0.0000,0.000,0,0,0,"OPLS3e",10.448,true,"145983362.0-1","glide-grid_995",227,6,-2.950,-0.211,-0.508,-0.811,-2.950,-1.669,0.000,0.000,-1.845,3.820,-6.425,1.440,-0.103,2.597,-2.606,11.952,19,57,0.000,"This compound has a N-S or N-O group and may undergo hydrolysis at high or low pH.",""
,"145959103.0","7841","276_145959103.0.1","2025-11-13 15:23:04","2025-11-13 15:23:04",,,,,,,"",,"","/home/db/Documentos/David_Hito2/Glide/docking_results/SP/1E9Z-glide-grid_995","docking_pv.maegz",293,"",,,"",,,,,,,,,,,,,,,,,,,,,,,"",,276,1220,false,0,2,51139,"W09IXVtOSF1DKD1PKVtDSDJdW0NIMl1bTkhdYzFbY0hdW2NIXVtjSF1bY0hdW2NIXTE=","J2VwaWtfcHl0aG9uJywgJy1waHQnLCAnMC4wJywgJy1waCcsICc3LjAnLCAnLXRuJywgJzgnLCAnLW1hJywgJzIwMCcsICctaW1hZScsICc8aW5maWxlLm1hZT4nLCAnLW9tYWUnLCAnPG91dGZpbGUubWFlPic=",1.000,0.0040,0.0000,0.0040,0.0000,0.000,0,0,0,"OPLS3e",11.878,true,"145959103.0-1","glide-grid_995",271,6,-2.930,-0.225,-0.530,-0.822,-2.930,-1.574,0.000,0.000,-2.159,7.728,-9.652,1.941,-0.076,-3.406,-1.923,7.118,8,197,0.000,"This compound has a N-S or N-O group and may undergo hydrolysis at high or low pH.",""
,"145974309.0","7842","269_145974309.0.1","2025-11-13 15:23:04","2025-11-13 15:23:04",,,,,,,"",,"","/home/db/Documentos/David_Hito2/Glide/docking_results/SP/1E9Z-glide-grid_995","docking_pv.maegz",294,"",,,"",,,,,,,,,,,,,,,,,,,,,,,"",,269,2120,false,0,2,51139,"W0NIM11jMVtjSF1jKFtDSDNdKVtjSF1jKFtjSF0xKVtOSF1bQ0gyXUMoPU8pW05IXVtPSF0=","J2VwaWtfcHl0aG9uJywgJy1waHQnLCAnMC4wJywgJy1waCcsICc3LjAnLCAnLXRuJywgJzgnLCAnLW1hJywgJzIwMCcsICctaW1hZScsICc8aW5maWxlLm1hZT4nLCAnLW9tYWUnLCAnPG91dGZpbGUubWFlPic=",1.000,0.0039,0.0000,0.0039,0.0000,0.000,0,0,0,"OPLS3e",13.275,true,"145974309.0-1","glide-grid_995",264,5,-2.928,-0.209,-0.504,-0.804,-2.928,-2.190,-0.456,0.000,-0.674,1.842,-8.649,1.715,-0.117,-2.908,-6.807,8.578,15,351,0.000,"This compound has a N-S or N-O group and may undergo hydrolysis at high or low pH.",""
,"15125023.0","7843","257_15125023.0.1","2025-11-13 15:23:04","2025-11-13 15:23:04",,,,,,,"",,"","/home/db/Documentos/David_Hito2/Glide/docking_results/SP/1E9Z-glide-grid_995","docking_pv.maegz",295,"",,,"",,,,,,,,,,,,,,,,,,,,,,,"",,257,49500,false,0,2,51139,"W0NIM11PYzFbY0hdW2NIXWMoW2NIXVtjSF0xKU9bQ0gyXUMoPU8pW05IXVtPSF0=","J2VwaWtfcHl0aG9uJywgJy1waHQnLCAnMC4wJywgJy1waCcsICc3LjAnLCAnLXRuJywgJzgnLCAnLW1hJywgJzIwMCcsICctaW1hZScsICc8aW5maWxlLm1hZT4nLCAnLW9tYWUnLCAnPG91dGZpbGUubWFlPic=",1.000,0.0172,0.0000,0.0172,0.0000,0.000,0,0,0,"OPLS3e",16.768,true,"15125023.0-1","glide-grid_995",252,6,-2.921,-0.209,-0.503,-0.803,-2.921,-1.709,0.000,0.000,-1.424,6.734,-10.912,1.672,-0.161,2.766,-4.178,16.106,30,159,0.000,"This compound has a N-S or N-O group and may undergo hydrolysis at high or low pH.",""
,"11183280.0","7844","245_11183280.0.1","2025-11-13 15:23:04","2025-11-13 15:23:04",,,,,,,"",,"","/home/db/Documentos/David_Hito2/Glide/docking_results/SP/1E9Z-glide-grid_995","docking_pv.maegz",296,"",,,"",,,,,,,,,,,,,,,,,,,,,,,"",,245,1260,false,0,2,51139,"W09IXVtOSF1DKD1PKVtDSDJdT2MxW2NIXVtjSF1jKENsKVtjSF1bY0hdMQ==","J2VwaWtfcHl0aG9uJywgJy1waHQnLCAnMC4wJywgJy1waCcsICc3LjAnLCAnLXRuJywgJzgnLCAnLW1hJywgJzIwMCcsICctaW1hZScsICc8aW5maWxlLm1hZT4nLCAnLW9tYWUnLCAnPG91dGZpbGUubWFlPic=",1.000,0.0172,0.0000,0.0172,0.0000,0.000,0,0,0,"OPLS3e",11.009,true,"11183280.0-1","glide-grid_995",240,5,-2.921,-0.225,-0.528,-0.819,-2.921,-1.820,0.000,0.000,-1.569,5.406,-6.151,1.209,-0.088,6.319,-0.745,14.984,4,79,0.000,"This compound has a N-S or N-O group and may undergo hydrolysis at high or low pH.",""
,"129928412.0","7845","286_129928412.0.1","2025-11-13 15:23:04","2025-11-13 15:23:04",,,,,,,"",,"","/home/db/Documentos/David_Hito2/Glide/docking_results/SP/1E9Z-glide-grid_995","docking_pv.maegz",297,"",,,"",,,,,,,,,,,,,,,,,,,,,,,"",,286,7410,false,0,2,51139,"W09IXVtOSF1DKD1PKVtDSDJdW05IXWMxW2NIXVtjSF1jKEYpW2NIXVtjSF0x","J2VwaWtfcHl0aG9uJywgJy1waHQnLCAnMC4wJywgJy1waCcsICc3LjAnLCAnLXRuJywgJzgnLCAnLW1hJywgJzIwMCcsICctaW1hZScsICc8aW5maWxlLm1hZT4nLCAnLW9tYWUnLCAnPG91dGZpbGUubWFlPic=",1.000,0.0038,0.0000,0.0038,0.0000,0.000,0,0,0,"OPLS3e",16.003,true,"129928412.0-1","glide-grid_995",281,5,-2.920,-0.225,-0.528,-0.819,-2.920,-2.059,-0.248,0.000,-0.957,-4.475,-4.829,1.404,-0.112,-6.631,-9.304,7.979,15,154,0.000,"This compound has a N-S or N-O group and may undergo hydrolysis at high or low pH.",""
,"155557124.0","7846","91_155557124.0.1","2025-11-13 15:23:04","2025-11-13 15:23:04",,,,,,,"",,"","/home/db/Documentos/David_Hito2/Glide/docking_results/SP/1E9Z-glide-grid_995","docking_pv.maegz",298,"",,,"",,,,,,,,,,,,,,,,,,,,,,,"",,91,56600,true,0,2,51139,"W0NIM11OKFtPSF0pQyg9TylbQ0gyXVtDQEBIXShbT0hdKWMxW2NIXVtjSF1bY0hdW2NIXWMxQ2w=","J2VwaWtfcHl0aG9uJywgJy1waHQnLCAnMC4wJywgJy1waCcsICc3LjAnLCAnLXRuJywgJzgnLCAnLW1hJywgJzIwMCcsICctaW1hZScsICc8aW5maWxlLm1hZT4nLCAnLW9tYWUnLCAnPG91dGZpbGUubWFlPic=",1.000,0.0063,0.0000,0.0063,0.0000,0.000,0,0,0,"OPLS3e",14.095,true,"155557124.0-1","glide-grid_995",91,6,-2.912,-0.194,-0.479,-0.785,-2.912,-1.732,0.000,0.000,-1.843,-4.116,-0.594,0.971,-0.012,2.640,-4.710,20.331,11,257,0.000,"This compound has a N-S or N-O group and may undergo hydrolysis at high or low pH.",""
,"155547948.0","7847","100_155547948.0.1","2025-11-13 15:23:04","2025-11-13 15:23:04",,,,,,,"",,"","/home/db/Documentos/David_Hito2/Glide/docking_results/SP/1E9Z-glide-grid_995","docking_pv.maegz",299,"",,,"",,,,,,,,,,,,,,,,,,,,,,,"",,100,89200,true,0,2,51139,"W0NIM11PYzFbY0hdW2NIXVtjSF1jKFtjSF0xKVtDQEBIXShbT0hdKVtDSDJdQyg9TylOKFtDSDNdKVtPSF0=","J2VwaWtfcHl0aG9uJywgJy1waHQnLCAnMC4wJywgJy1waCcsICc3LjAnLCAnLXRuJywgJzgnLCAnLW1hJywgJzIwMCcsICctaW1hZScsICc8aW5maWxlLm1hZT4nLCAnLW9tYWUnLCAnPG91dGZpbGUubWFlPic=",1.000,0.0063,0.0000,0.0063,0.0000,0.000,0,0,0,"OPLS3e",20.091,true,"155547948.0-1","glide-grid_995",100,7,-2.911,-0.182,-0.458,-0.772,-2.911,-1.864,0.000,0.000,-0.594,-7.966,-8.241,1.338,-0.157,-10.600,-16.206,10.542,23,152,0.000,"This compound has a N-S or N-O group and may undergo hydrolysis at high or low pH.",""
,"24705008.0","7848","237_24705008.0.1","2025-11-13 15:23:04","2025-11-13 15:23:04",,,,,,,"",,"","/home/db/Documentos/David_Hito2/Glide/docking_results/SP/1E9Z-glide-grid_995","docking_pv.maegz",300,"",,,"",,,,,,,,,,,,,,,,,,,,,,,"",,237,3380,false,0,2,51139,"W0NIM11jMVtjSF1bY0hdW2NIXWMoW2NIXTEpT1tDSDJdW0NIMl1DKD1PKVtOSF1bT0hd","J2VwaWtfcHl0aG9uJywgJy1waHQnLCAnMC4wJywgJy1waCcsICc3LjAnLCAnLXRuJywgJzgnLCAnLW1hJywgJzIwMCcsICctaW1hZScsICc8aW5maWxlLm1hZT4nLCAnLW9tYWUnLCAnPG91dGZpbGUubWFlPic=",1.000,0.0068,0.0000,0.0068,0.0000,0.000,0,0,0,"OPLS3e",11.759,true,"24705008.0-1","glide-grid_995",232,6,-2.906,-0.208,-0.500,-0.799,-2.906,-1.630,0.000,0.000,-1.882,9.457,-12.139,2.126,-0.172,1.306,-2.683,7.023,26,388,0.000,"This compound has a N-S or N-O group and may undergo hydrolysis at high or low pH.",""
,"155546187.0","7849","87_155546187.0.1","2025-11-13 15:23:04","2025-11-13 15:23:04",,,,,,,"",,"","/home/db/Documentos/David_Hito2/Glide/docking_results/SP/1E9Z-glide-grid_995","docking_pv.maegz",301,"",,,"",,,,,,,,,,,,,,,,,,,,,,,"",,87,90400,true,0,2,51139,"W0NIM11OKFtPSF0pQyg9TylbQ0gyXVtDQEBIXShbT0hdKWMxW2NIXVtjSF1jKENsKWMoQ2wpW2NIXTE=","J2VwaWtfcHl0aG9uJywgJy1waHQnLCAnMC4wJywgJy1waCcsICc3LjAnLCAnLXRuJywgJzgnLCAnLW1hJywgJzIwMCcsICctaW1hZScsICc8aW5maWxlLm1hZT4nLCAnLW9tYWUnLCAnPG91dGZpbGUubWFlPic=",1.000,0.0063,0.0000,0.0063,0.0000,0.000,0,0,0,"OPLS3e",15.875,true,"155546187.0-1","glide-grid_995",87,6,-2.904,-0.182,-0.457,-0.770,-2.904,-1.962,0.000,0.000,-1.608,-1.393,-0.191,0.764,0.000,0.111,-1.584,11.561,11,228,0.000,"This compound has a N-S or N-O group and may undergo hydrolysis at high or low pH.",""
,"145972714.0","7850","264_145972714.0.1","2025-11-13 15:23:04","2025-11-13 15:23:04",,,,,,,"",,"","/home/db/Documentos/David_Hito2/Glide/docking_results/SP/1E9Z-glide-grid_995","docking_pv.maegz",302,"",,,"",,,,,,,,,,,,,,,,,,,,,,,"",,264,3830,false,0,2,51139,"W09IXVtOSF1DKD1PKVtDSDJdW0NIMl1bTkhdYzFbY0hdW2NIXVtjSF1jKENsKWMxQ2w=","J2VwaWtfcHl0aG9uJywgJy1waHQnLCAnMC4wJywgJy1waCcsICc3LjAnLCAnLXRuJywgJzgnLCAnLW1hJywgJzIwMCcsICctaW1hZScsICc8aW5maWxlLm1hZT4nLCAnLW9tYWUnLCAnPG91dGZpbGUubWFlPic=",1.000,0.0035,0.0000,0.0035,0.0000,0.000,0,0,0,"OPLS3e",16.436,true,"145972714.0-1","glide-grid_995",259,6,-2.904,-0.194,-0.477,-0.783,-2.904,-2.029,-0.057,0.000,-1.711,0.051,-1.103,1.127,-0.071,-0.651,-1.052,14.610,8,202,0.000,"This compound has a N-S or N-O group and may undergo hydrolysis at high or low pH.",""
,"145956167.0","7851","277_145956167.0.1","2025-11-13 15:23:04","2025-11-13 15:23:04",,,,,,,"",,"","/home/db/Documentos/David_Hito2/Glide/docking_results/SP/1E9Z-glide-grid_995","docking_pv.maegz",303,"",,,"",,,,,,,,,,,,,,,,,,,,,,,"",,277,1971,false,0,2,51139,"W09IXVtOSF1DKD1PKVtDSDJdW0NIMl1bTkhdYzFbY0hdYyhDbClbY0hdYyhDbClbY0hdMQ==","J2VwaWtfcHl0aG9uJywgJy1waHQnLCAnMC4wJywgJy1waCcsICc3LjAnLCAnLXRuJywgJzgnLCAnLW1hJywgJzIwMCcsICctaW1hZScsICc8aW5maWxlLm1hZT4nLCAnLW9tYWUnLCAnPG91dGZpbGUubWFlPic=",1.000,0.0035,0.0000,0.0035,0.0000,0.000,0,0,0,"OPLS3e",10.477,true,"145956167.0-1","glide-grid_995",272,6,-2.904,-0.194,-0.477,-0.783,-2.904,-1.885,0.000,0.000,-1.467,4.048,-5.479,1.127,-0.060,-2.898,-1.431,3.238,22,317,0.000,"This compound has a N-S or N-O group and may undergo hydrolysis at high or low pH.",""
,"95562486.0","7852","243_95562486.0.1","2025-11-13 15:23:04","2025-11-13 15:23:04",,,,,,,"",,"","/home/db/Documentos/David_Hito2/Glide/docking_results/SP/1E9Z-glide-grid_995","docking_pv.maegz",304,"",,,"",,,,,,,,,,,,,,,,,,,,,,,"",,243,78500,false,0,2,51139,"W09IXVtOSF1DKD1PKVtDSDJdT2MxW2NIXVtjSF1bY0hdW2NIXWMxQ2w=","J2VwaWtfcHl0aG9uJywgJy1waHQnLCAnMC4wJywgJy1waCcsICc3LjAnLCAnLXRuJywgJzgnLCAnLW1hJywgJzIwMCcsICctaW1hZScsICc8aW5maWxlLm1hZT4nLCAnLW9tYWUnLCAnPG91dGZpbGUubWFlPic=",1.000,0.0172,0.0000,0.0172,0.0000,0.000,0,0,0,"OPLS3e",12.887,true,"95562486.0-1","glide-grid_995",238,5,-2.902,-0.223,-0.525,-0.814,-2.902,-1.444,0.000,0.000,-2.034,-3.643,-2.997,1.209,0.000,-4.619,-6.640,7.354,6,261,0.000,"This compound has a N-S or N-O group and may undergo hydrolysis at high or low pH.",""
,"130006294.0","7853","283_130006294.0.1","2025-11-13 15:23:04","2025-11-13 15:23:04",,,,,,,"",,"","/home/db/Documentos/David_Hito2/Glide/docking_results/SP/1E9Z-glide-grid_995","docking_pv.maegz",305,"",,,"",,,,,,,,,,,,,,,,,,,,,,,"",,283,58900,false,0,2,51139,"W09IXVtOSF1DKD1PKVtDSDJdW05IXWMxW2NIXVtjSF1bY0hdW2NIXWMxQ2w=","J2VwaWtfcHl0aG9uJywgJy1waHQnLCAnMC4wJywgJy1waCcsICc3LjAnLCAnLXRuJywgJzgnLCAnLW1hJywgJzIwMCcsICctaW1hZScsICc8aW5maWxlLm1hZT4nLCAnLW9tYWUnLCAnPG91dGZpbGUubWFlPic=",1.000,0.0036,0.0000,0.0036,0.0000,0.000,0,0,0,"OPLS3e",20.874,true,"130006294.0-1","glide-grid_995",278,5,-2.902,-0.223,-0.525,-0.814,-2.902,-2.038,-0.129,0.000,-1.197,-0.220,-4.657,1.219,-0.046,3.320,-4.877,12.308,9,145,0.000,"This compound has a N-S or N-O group and may undergo hydrolysis at high or low pH.",""
,"145984816.0","7854","252_145984816.0.1","2025-11-13 15:23:04","2025-11-13 15:23:04",,,,,,,"",,"","/home/db/Documentos/David_Hito2/Glide/docking_results/SP/1E9Z-glide-grid_995","docking_pv.maegz",306,"",,,"",,,,,,,,,,,,,,,,,,,,,,,"",,252,2050,false,0,2,51139,"W09IXVtOSF1DKD1PKVtDSDJdW0NIMl1PYzFbY0hdW2NIXVtjSF1jKEYpW2NIXTE=","J2VwaWtfcHl0aG9uJywgJy1waHQnLCAnMC4wJywgJy1waCcsICc3LjAnLCAnLXRuJywgJzgnLCAnLW1hJywgJzIwMCcsICctaW1hZScsICc8aW5maWxlLm1hZT4nLCAnLW9tYWUnLCAnPG91dGZpbGUubWFlPic=",1.000,0.0071,0.0000,0.0071,0.0000,0.000,0,0,0,"OPLS3e",9.941,true,"145984816.0-1","glide-grid_995",247,6,-2.897,-0.207,-0.499,-0.796,-2.897,-1.701,-0.171,0.000,-1.989,-1.562,-3.287,1.645,-0.109,0.254,-4.850,10.446,19,112,0.000,"This compound has a N-S or N-O group and may undergo hydrolysis at high or low pH.",""
,"129927960.0","7855","297_129927960.0.1","2025-11-13 15:23:04","2025-11-13 15:23:04",,,,,,,"",,"","/home/db/Documentos/David_Hito2/Glide/docking_results/SP/1E9Z-glide-grid_995","docking_pv.maegz",307,"",,,"",,,,,,,,,,,,,,,,,,,,,,,"",,297,69800,false,0,2,51139,"W0NIM11PYzFbY0hdW2NIXWMoW2NIXVtjSF0xKVtOSF1bQ0gyXUMoPU8pW05IXVtPSF0=","J2VwaWtfcHl0aG9uJywgJy1waHQnLCAnMC4wJywgJy1waCcsICc3LjAnLCAnLXRuJywgJzgnLCAnLW1hJywgJzIwMCcsICctaW1hZScsICc8aW5maWxlLm1hZT4nLCAnLW9tYWUnLCAnPG91dGZpbGUubWFlPic=",1.000,0.0050,0.0000,0.0050,0.0000,0.000,0,0,0,"OPLS3e",21.937,true,"129927960.0-1","glide-grid_995",292,6,-2.895,-0.207,-0.498,-0.796,-2.895,-1.703,-0.093,0.000,-2.048,4.580,-5.937,1.686,-0.076,2.754,-1.358,9.164,23,316,0.000,"This compound has a N-S or N-O group and may undergo hydrolysis at high or low pH.",""
,"130005353.0","7856","273_130005353.0.1","2025-11-13 15:23:04","2025-11-13 15:23:04",,,,,,,"",,"","/home/db/Documentos/David_Hito2/Glide/docking_results/SP/1E9Z-glide-grid_995","docking_pv.maegz",308,"",,,"",,,,,,,,,,,,,,,,,,,,,,,"",,273,1150,false,0,2,51139,"W09IXVtOSF1DKD1PKVtDSDJdW05IXWMxW2NIXVtjSF1bY0hdYyhDbClbY0hdMQ==","J2VwaWtfcHl0aG9uJywgJy1waHQnLCAnMC4wJywgJy1waCcsICc3LjAnLCAnLXRuJywgJzgnLCAnLW1hJywgJzIwMCcsICctaW1hZScsICc8aW5maWxlLm1hZT4nLCAnLW9tYWUnLCAnPG91dGZpbGUubWFlPic=",1.000,0.0036,0.0000,0.0036,0.0000,0.000,0,0,0,"OPLS3e",17.625,true,"130005353.0-1","glide-grid_995",268,5,-2.881,-0.222,-0.521,-0.808,-2.881,-1.192,-0.090,0.000,-1.870,2.360,-6.532,1.219,-0.086,1.539,-4.172,13.970,2,261,0.000,"This compound has a N-S or N-O group and may undergo hydrolysis at high or low pH.",""
,"129928412.0","7857","286_129928412.0.1","2025-11-13 15:23:04","2025-11-13 15:23:04",,,,,,,"",,"","/home/db/Documentos/David_Hito2/Glide/docking_results/SP/1E9Z-glide-grid_995","docking_pv.maegz",309,"",,,"",,,,,,,,,,,,,,,,,,,,,,,"",,286,7410,false,0,2,51139,"W09IXVtOSF1DKD1PKVtDSDJdW05IXWMxW2NIXVtjSF1jKEYpW2NIXVtjSF0x","J2VwaWtfcHl0aG9uJywgJy1waHQnLCAnMC4wJywgJy1waCcsICc3LjAnLCAnLXRuJywgJzgnLCAnLW1hJywgJzIwMCcsICctaW1hZScsICc8aW5maWxlLm1hZT4nLCAnLW9tYWUnLCAnPG91dGZpbGUubWFlPic=",1.000,0.0038,0.0000,0.0038,0.0000,0.000,0,0,0,"OPLS3e",16.003,true,"129928412.0-1","glide-grid_995",281,5,-2.876,-0.221,-0.520,-0.807,-2.876,-2.074,-0.209,0.000,-0.561,-7.198,-6.008,1.404,-0.175,-9.497,-13.206,7.648,15,326,0.000,"This compound has a N-S or N-O group and may undergo hydrolysis at high or low pH.",""
,"145985598.0","7858","255_145985598.0.1","2025-11-13 15:23:04","2025-11-13 15:23:04",,,,,,,"",,"","/home/db/Documentos/David_Hito2/Glide/docking_results/SP/1E9Z-glide-grid_995","docking_pv.maegz",310,"",,,"",,,,,,,,,,,,,,,,,,,,,,,"",,255,5090,false,0,2,51139,"W09IXVtOSF1DKD1PKVtDSDJdW0NIMl1PYzFbY0hdYyhGKVtjSF1jKEYpW2NIXTE=","J2VwaWtfcHl0aG9uJywgJy1waHQnLCAnMC4wJywgJy1waCcsICc3LjAnLCAnLXRuJywgJzgnLCAnLW1hJywgJzIwMCcsICctaW1hZScsICc8aW5maWxlLm1hZT4nLCAnLW9tYWUnLCAnPG91dGZpbGUubWFlPic=",1.000,0.0071,0.0000,0.0071,0.0000,0.000,0,0,0,"OPLS3e",7.161,true,"145985598.0-1","glide-grid_995",250,6,-2.875,-0.192,-0.473,-0.775,-2.875,-1.514,0.000,0.000,-1.686,8.748,-8.958,1.423,-0.192,6.737,-0.209,13.717,7,162,0.000,"This compound has a N-S or N-O group and may undergo hydrolysis at high or low pH.",""
,"22716931.0","7859","296_22716931.0.1","2025-11-13 15:23:04","2025-11-13 15:23:04",,,,,,,"",,"","/home/db/Documentos/David_Hito2/Glide/docking_results/SP/1E9Z-glide-grid_995","docking_pv.maegz",311,"",,,"",,,,,,,,,,,,,,,,,,,,,,,"",,296,4670,false,0,2,51139,"W09IXVtOSF1DKD1PKVtDSDJdW05IXWMxW2NIXVtjSF1bY0hdW2NIXVtjSF0x","J2VwaWtfcHl0aG9uJywgJy1waHQnLCAnMC4wJywgJy1waCcsICc3LjAnLCAnLXRuJywgJzgnLCAnLW1hJywgJzIwMCcsICctaW1hZScsICc8aW5maWxlLm1hZT4nLCAnLW9tYWUnLCAnPG91dGZpbGUubWFlPic=",1.000,0.0037,0.0000,0.0037,0.0000,0.000,0,0,0,"OPLS3e",16.715,true,"22716931.0-1","glide-grid_995",291,5,-2.867,-0.239,-0.547,-0.823,-2.867,-2.075,-0.203,0.000,-0.566,-8.465,-7.390,1.662,-0.153,-10.972,-15.855,8.611,9,356,0.000,"This compound has a N-S or N-O group and may undergo hydrolysis at high or low pH.",""
,"145984790.0","7860","247_145984790.0.1","2025-11-13 15:23:04","2025-11-13 15:23:04",,,,,,,"",,"","/home/db/Documentos/David_Hito2/Glide/docking_results/SP/1E9Z-glide-grid_995","docking_pv.maegz",312,"",,,"",,,,,,,,,,,,,,,,,,,,,,,"",,247,520,false,0,2,51139,"W09IXVtOSF1DKD1PKVtDSDJdT2MxW2NIXVtjSF1jKENsKWMoQ2wpW2NIXTE=","J2VwaWtfcHl0aG9uJywgJy1waHQnLCAnMC4wJywgJy1waCcsICc3LjAnLCAnLXRuJywgJzgnLCAnLW1hJywgJzIwMCcsICctaW1hZScsICc8aW5maWxlLm1hZT4nLCAnLW9tYWUnLCAnPG91dGZpbGUubWFlPic=",1.000,0.0172,0.0000,0.0172,0.0000,0.000,0,0,0,"OPLS3e",12.923,true,"145984790.0-1","glide-grid_995",242,5,-2.867,-0.205,-0.494,-0.788,-2.867,-1.716,0.000,0.000,-1.667,0.778,-2.997,0.927,0.000,-0.012,-2.218,9.002,7,284,0.000,"This compound has a N-S or N-O group and may undergo hydrolysis at high or low pH.",""
,"145955823.0","7861","295_145955823.0.1","2025-11-13 15:23:04","2025-11-13 15:23:04",,,,,,,"",,"","/home/db/Documentos/David_Hito2/Glide/docking_results/SP/1E9Z-glide-grid_995","docking_pv.maegz",313,"",,,"",,,,,,,,,,,,,,,,,,,,,,,"",,295,9040,false,0,2,51139,"W09IXVtOSF1DKD1PKVtDSDJdW0NIMl1bTkhdYzFbY0hdW2NIXWMoRilbY0hdW2NIXTE=","J2VwaWtfcHl0aG9uJywgJy1waHQnLCAnMC4wJywgJy1waCcsICc3LjAnLCAnLXRuJywgJzgnLCAnLW1hJywgJzIwMCcsICctaW1hZScsICc8aW5maWxlLm1hZT4nLCAnLW9tYWUnLCAnPG91dGZpbGUubWFlPic=",1.000,0.0043,0.0000,0.0043,0.0000,0.000,0,0,0,"OPLS3e",11.252,true,"145955823.0-1","glide-grid_995",290,6,-2.866,-0.205,-0.493,-0.787,-2.866,-1.671,0.000,0.000,-1.573,-3.170,-6.437,1.658,-0.155,-6.791,-9.608,10.464,23,334,0.000,"This compound has a N-S or N-O group and may undergo hydrolysis at high or low pH.",""
,"3657.0","7862","326_3657.0.1","2025-11-13 15:23:04","2025-11-13 15:23:04",,,,,,,"",,"","/home/db/Documentos/David_Hito2/Glide/docking_results/SP/1E9Z-glide-grid_995","docking_pv.maegz",314,"",,,"",,,,,,,,,,,,,,,,,,,,,,,"",,326,88750,false,0,2,51139,"W05IMl1DKD1PKVtOSF1bT0hd","J2VwaWtfcHl0aG9uJywgJy1waHQnLCAnMC4wJywgJy1waCcsICc3LjAnLCAnLXRuJywgJzgnLCAnLW1hJywgJzIwMCcsICctaW1hZScsICc8aW5maWxlLm1hZT4nLCAnLW9tYWUnLCAnPG91dGZpbGUubWFlPic=",1.000,0.0115,0.0000,0.0115,0.0000,0.000,0,0,0,"OPLS3e",-0.160,true,"3657.0-1","glide-grid_995",301,2,-2.844,-0.569,-0.972,-1.090,-2.844,0.000,0.000,0.000,-2.250,-10.156,-0.572,0.000,0.000,-15.463,-10.727,0.364,1,234,0.000,"This compound has a N-S or N-O group and may undergo hydrolysis at high or low pH.",""
,"21935074.0","7863","248_21935074.0.1","2025-11-13 15:23:04","2025-11-13 15:23:04",,,,,,,"",,"","/home/db/Documentos/David_Hito2/Glide/docking_results/SP/1E9Z-glide-grid_995","docking_pv.maegz",315,"",,,"",,,,,,,,,,,,,,,,,,,,,,,"",,248,4180,false,0,2,51139,"W09IXVtOSF1DKD1PKVtDSDJdW0NIMl1PYzFbY0hdW2NIXVtjSF1bY0hdW2NIXTE=","J2VwaWtfcHl0aG9uJywgJy1waHQnLCAnMC4wJywgJy1waCcsICc3LjAnLCAnLXRuJywgJzgnLCAnLW1hJywgJzIwMCcsICctaW1hZScsICc8aW5maWxlLm1hZT4nLCAnLW9tYWUnLCAnPG91dGZpbGUubWFlPic=",1.000,0.0070,0.0000,0.0070,0.0000,0.000,0,0,0,"OPLS3e",10.224,true,"21935074.0-1","glide-grid_995",243,6,-2.839,-0.218,-0.514,-0.796,-2.839,-1.669,0.000,0.000,-2.082,-0.307,-6.129,1.924,-0.077,-5.443,-6.436,8.666,19,75,0.000,"This compound has a N-S or N-O group and may undergo hydrolysis at high or low pH.",""
,"145959872.0","7864","301_145959872.0.1","2025-11-13 15:23:04","2025-11-13 15:23:04",,,,,,,"",,"","/home/db/Documentos/David_Hito2/Glide/docking_results/SP/1E9Z-glide-grid_995","docking_pv.maegz",316,"",,,"",,,,,,,,,,,,,,,,,,,,,,,"",,301,7315,false,0,2,51139,"W09IXVtOSF1DKD1PKVtDSDJdW0NIMl1bTkhdYzFbY0hdW2NIXVtjSF1bY0hdYzFCcg==","J2VwaWtfcHl0aG9uJywgJy1waHQnLCAnMC4wJywgJy1waCcsICc3LjAnLCAnLXRuJywgJzgnLCAnLW1hJywgJzIwMCcsICctaW1hZScsICc8aW5maWxlLm1hZT4nLCAnLW9tYWUnLCAnPG91dGZpbGUubWFlPic=",1.000,0.0035,0.0000,0.0035,0.0000,0.000,0,0,0,"OPLS3e",15.231,true,"145959872.0-1","glide-grid_995",296,6,-2.834,-0.202,-0.488,-0.779,-2.834,-1.522,-0.049,0.000,-1.643,4.543,-5.885,1.053,-0.019,-2.520,-1.342,9.006,5,222,0.000,"This compound has a N-S or N-O group and may undergo hydrolysis at high or low pH.",""
,"145983648.0","7865","249_145983648.0.1","2025-11-13 15:23:04","2025-11-13 15:23:04",,,,,,,"",,"","/home/db/Documentos/David_Hito2/Glide/docking_results/SP/1E9Z-glide-grid_995","docking_pv.maegz",317,"",,,"",,,,,,,,,,,,,,,,,,,,,,,"",,249,247,false,0,2,51139,"W09IXVtOSF1DKD1PKVtDSDJdW0NIMl1PYzFbY0hdW2NIXWMoQ2wpW2NIXVtjSF0x","J2VwaWtfcHl0aG9uJywgJy1waHQnLCAnMC4wJywgJy1waCcsICc3LjAnLCAnLXRuJywgJzgnLCAnLW1hJywgJzIwMCcsICctaW1hZScsICc8aW5maWxlLm1hZT4nLCAnLW9tYWUnLCAnPG91dGZpbGUubWFlPic=",1.000,0.0073,0.0000,0.0073,0.0000,0.000,0,0,0,"OPLS3e",9.078,true,"145983648.0-1","glide-grid_995",244,6,-2.833,-0.202,-0.488,-0.779,-2.833,-1.973,-0.040,0.000,-1.775,-1.347,-2.236,1.440,-0.082,-2.060,-3.582,4.294,4,162,0.000,"This compound has a N-S or N-O group and may undergo hydrolysis at high or low pH.",""
,"145959103.0","7866","276_145959103.0.1","2025-11-13 15:23:04","2025-11-13 15:23:04",,,,,,,"",,"","/home/db/Documentos/David_Hito2/Glide/docking_results/SP/1E9Z-glide-grid_995","docking_pv.maegz",318,"",,,"",,,,,,,,,,,,,,,,,,,,,,,"",,276,1220,false,0,2,51139,"W09IXVtOSF1DKD1PKVtDSDJdW0NIMl1bTkhdYzFbY0hdW2NIXVtjSF1bY0hdW2NIXTE=","J2VwaWtfcHl0aG9uJywgJy1waHQnLCAnMC4wJywgJy1waCcsICc3LjAnLCAnLXRuJywgJzgnLCAnLW1hJywgJzIwMCcsICctaW1hZScsICc8aW5maWxlLm1hZT4nLCAnLW9tYWUnLCAnPG91dGZpbGUubWFlPic=",1.000,0.0040,0.0000,0.0040,0.0000,0.000,0,0,0,"OPLS3e",11.878,true,"145959103.0-1","glide-grid_995",271,6,-2.823,-0.217,-0.511,-0.792,-2.823,-1.669,-0.250,0.000,-2.180,-4.982,-2.646,1.941,-0.018,-9.564,-7.628,5.961,3,41,0.000,"This compound has a N-S or N-O group and may undergo hydrolysis at high or low pH.",""
,"145958315.0","7867","279_145958315.0.1","2025-11-13 15:23:04","2025-11-13 15:23:04",,,,,,,"",,"","/home/db/Documentos/David_Hito2/Glide/docking_results/SP/1E9Z-glide-grid_995","docking_pv.maegz",319,"",,,"",,,,,,,,,,,,,,,,,,,,,,,"",,279,5110,false,0,2,51139,"W09IXVtOSF1DKD1PKVtDSDJdW05IXWMxW2NIXWMoRilbY0hdYyhGKVtjSF0x","J2VwaWtfcHl0aG9uJywgJy1waHQnLCAnMC4wJywgJy1waCcsICc3LjAnLCAnLXRuJywgJzgnLCAnLW1hJywgJzIwMCcsICctaW1hZScsICc8aW5maWxlLm1hZT4nLCAnLW9tYWUnLCAnPG91dGZpbGUubWFlPic=",1.000,0.0036,0.0000,0.0036,0.0000,0.000,0,0,0,"OPLS3e",12.740,true,"145958315.0-1","glide-grid_995",274,5,-2.818,-0.201,-0.485,-0.774,-2.818,-1.365,0.000,0.000,-1.870,3.629,-5.734,1.203,-0.107,-1.556,-2.105,4.728,17,398,0.000,"This compound has a N-S or N-O group and may undergo hydrolysis at high or low pH.",""
,"44543377.0","7868","331_44543377.0.1","2025-11-13 15:23:04","2025-11-13 15:23:04",,,,,,,"",,"","/home/db/Documentos/David_Hito2/Glide/docking_results/SP/1E9Z-glide-grid_995","docking_pv.maegz",320,"",,,"",,,,,,,,,,,,,,,,,,,,,,,"",,331,17850,false,0,2,51139,"Tz1QKFtPSF0pKFtPSF0pW0NIMl1bQ0gyXWMxW2NIXVtjSF1jKFtPSF0pYyhbT0hdKVtjSF0x","J2VwaWtfcHl0aG9uJywgJy1waHQnLCAnMC4wJywgJy1waCcsICc3LjAnLCAnLXRuJywgJzgnLCAnLW1hJywgJzIwMCcsICctaW1hZScsICc8aW5maWxlLm1hZT4nLCAnLW9tYWUnLCAnPG91dGZpbGUubWFlPic=",1.000,0.1007,0.0000,0.1007,0.0892,0.089,-1,1,0,"OPLS3e",0.477,true,"44543377.0-1","glide-grid_995",304,6,-2.818,-0.201,-0.485,-0.774,-2.907,-1.329,0.000,0.000,-1.929,6.765,-7.032,1.067,0.000,3.233,-0.267,7.580,35,224,0.089,"",""
,"145983362.0","7869","232_145983362.0.1","2025-11-13 15:23:04","2025-11-13 15:23:04",,,,,,,"",,"","/home/db/Documentos/David_Hito2/Glide/docking_results/SP/1E9Z-glide-grid_995","docking_pv.maegz",321,"",,,"",,,,,,,,,,,,,,,,,,,,,,,"",,232,1230,false,0,2,51139,"W09IXVtOSF1DKD1PKVtDSDJdW0NIMl1PYzFbY0hdW2NIXVtjSF1jKENsKVtjSF0x","J2VwaWtfcHl0aG9uJywgJy1waHQnLCAnMC4wJywgJy1waCcsICc3LjAnLCAnLXRuJywgJzgnLCAnLW1hJywgJzIwMCcsICctaW1hZScsICc8aW5maWxlLm1hZT4nLCAnLW9tYWUnLCAnPG91dGZpbGUubWFlPic=",1.000,0.0072,0.0000,0.0072,0.0000,0.000,0,0,0,"OPLS3e",10.448,true,"145983362.0-1","glide-grid_995",227,6,-2.814,-0.201,-0.484,-0.773,-2.814,-1.672,0.000,0.000,-1.792,3.661,-5.804,1.440,-0.102,2.626,-2.142,10.687,6,210,0.000,"This compound has a N-S or N-O group and may undergo hydrolysis at high or low pH.",""
,"130842494.0","7870","259_130842494.0.1","2025-11-13 15:23:04","2025-11-13 15:23:04",,,,,,,"",,"","/home/db/Documentos/David_Hito2/Glide/docking_results/SP/1E9Z-glide-grid_995","docking_pv.maegz",322,"",,,"",,,,,,,,,,,,,,,,,,,,,,,"",,259,85100,false,0,2,51139,"W0NIM11jMVtjSF1bY0hdW2NIXWMoW2NIXTEpT1tDSDJdQyg9TylbTkhdW09IXQ==","J2VwaWtfcHl0aG9uJywgJy1waHQnLCAnMC4wJywgJy1waCcsICc3LjAnLCAnLXRuJywgJzgnLCAnLW1hJywgJzIwMCcsICctaW1hZScsICc8aW5maWxlLm1hZT4nLCAnLW9tYWUnLCAnPG91dGZpbGUubWFlPic=",1.000,0.0172,0.0000,0.0172,0.0000,0.000,0,0,0,"OPLS3e",15.739,true,"130842494.0-1","glide-grid_995",254,5,-2.811,-0.216,-0.508,-0.788,-2.811,-1.951,-0.021,0.000,-1.840,-1.642,-5.603,1.924,0.000,-4.752,-7.245,6.918,8,268,0.000,"This compound has a N-S or N-O group and may undergo hydrolysis at high or low pH.",""
,"95562485.0","7871","258_95562485.0.1","2025-11-13 15:23:04","2025-11-13 15:23:04",,,,,,,"",,"","/home/db/Documentos/David_Hito2/Glide/docking_results/SP/1E9Z-glide-grid_995","docking_pv.maegz",323,"",,,"",,,,,,,,,,,,,,,,,,,,,,,"",,258,62100,false,0,2,51139,"W09IXVtOSF1DKD1PKVtDSDJdT2MxW2NIXVtjSF1jKFtOK10oPU8pW08tXSlbY0hdW2NIXTE=","J2VwaWtfcHl0aG9uJywgJy1waHQnLCAnMC4wJywgJy1waCcsICc3LjAnLCAnLXRuJywgJzgnLCAnLW1hJywgJzIwMCcsICctaW1hZScsICc8aW5maWxlLm1hZT4nLCAnLW9tYWUnLCAnPG91dGZpbGUubWFlPic=",1.000,0.0172,0.0000,0.0172,0.0000,0.000,0,2,0,"OPLS3e",13.382,true,"95562485.0-1","glide-grid_995",253,6,-2.806,-0.187,-0.461,-0.757,-2.806,-1.736,0.000,0.000,-1.868,-1.516,-3.588,1.480,-0.068,0.791,-5.104,12.148,30,86,0.000,"This compound has a N-S or N-O group and may undergo hydrolysis at high or low pH.",""
,"145983648.0","7872","249_145983648.0.1","2025-11-13 15:23:04","2025-11-13 15:23:04",,,,,,,"",,"","/home/db/Documentos/David_Hito2/Glide/docking_results/SP/1E9Z-glide-grid_995","docking_pv.maegz",324,"",,,"",,,,,,,,,,,,,,,,,,,,,,,"",,249,247,false,0,2,51139,"W09IXVtOSF1DKD1PKVtDSDJdW0NIMl1PYzFbY0hdW2NIXWMoQ2wpW2NIXVtjSF0x","J2VwaWtfcHl0aG9uJywgJy1waHQnLCAnMC4wJywgJy1waCcsICc3LjAnLCAnLXRuJywgJzgnLCAnLW1hJywgJzIwMCcsICctaW1hZScsICc8aW5maWxlLm1hZT4nLCAnLW9tYWUnLCAnPG91dGZpbGUubWFlPic=",1.000,0.0073,0.0000,0.0073,0.0000,0.000,0,0,0,"OPLS3e",9.078,true,"145983648.0-1","glide-grid_995",244,6,-2.803,-0.200,-0.482,-0.770,-2.803,-1.974,-0.047,0.000,-1.762,-1.697,-1.912,1.440,-0.088,-0.990,-3.609,6.393,4,150,0.000,"This compound has a N-S or N-O group and may undergo hydrolysis at high or low pH.",""
,"145956231.0","7873","290_145956231.0.1","2025-11-13 15:23:04","2025-11-13 15:23:04",,,,,,,"",,"","/home/db/Documentos/David_Hito2/Glide/docking_results/SP/1E9Z-glide-grid_995","docking_pv.maegz",325,"",,,"",,,,,,,,,,,,,,,,,,,,,,,"",,290,8210,false,0,2,51139,"W09IXVtOSF1DKD1PKVtDSDJdW05IXWMxW2NIXVtjSF1bY0hdYyhbTitdKD1PKVtPLV0pW2NIXTE=","J2VwaWtfcHl0aG9uJywgJy1waHQnLCAnMC4wJywgJy1waCcsICc3LjAnLCAnLXRuJywgJzgnLCAnLW1hJywgJzIwMCcsICctaW1hZScsICc8aW5maWxlLm1hZT4nLCAnLW9tYWUnLCAnPG91dGZpbGUubWFlPic=",1.000,0.0036,0.0000,0.0036,0.0000,0.000,0,2,0,"OPLS3e",23.160,true,"145956231.0-1","glide-grid_995",285,6,-2.802,-0.187,-0.461,-0.756,-2.802,-1.760,-0.320,0.000,-1.662,-11.577,0.324,1.491,-0.021,-5.112,-11.253,12.362,26,5,0.000,"This compound has a N-S or N-O group and may undergo hydrolysis at high or low pH.",""
,"145956231.0","7874","290_145956231.0.1","2025-11-13 15:23:04","2025-11-13 15:23:04",,,,,,,"",,"","/home/db/Documentos/David_Hito2/Glide/docking_results/SP/1E9Z-glide-grid_995","docking_pv.maegz",326,"",,,"",,,,,,,,,,,,,,,,,,,,,,,"",,290,8210,false,0,2,51139,"W09IXVtOSF1DKD1PKVtDSDJdW05IXWMxW2NIXVtjSF1bY0hdYyhbTitdKD1PKVtPLV0pW2NIXTE=","J2VwaWtfcHl0aG9uJywgJy1waHQnLCAnMC4wJywgJy1waCcsICc3LjAnLCAnLXRuJywgJzgnLCAnLW1hJywgJzIwMCcsICctaW1hZScsICc8aW5maWxlLm1hZT4nLCAnLW9tYWUnLCAnPG91dGZpbGUubWFlPic=",1.000,0.0036,0.0000,0.0036,0.0000,0.000,0,2,0,"OPLS3e",23.160,true,"145956231.0-1","glide-grid_995",285,6,-2.801,-0.187,-0.461,-0.755,-2.801,-1.396,-0.325,0.000,-1.630,7.609,-8.494,1.491,-0.048,4.188,-0.885,10.041,35,267,0.000,"This compound has a N-S or N-O group and may undergo hydrolysis at high or low pH.",""
,"130841018.0","7875","254_130841018.0.1","2025-11-13 15:23:04","2025-11-13 15:23:04",,,,,,,"",,"","/home/db/Documentos/David_Hito2/Glide/docking_results/SP/1E9Z-glide-grid_995","docking_pv.maegz",327,"",,,"",,,,,,,,,,,,,,,,,,,,,,,"",,254,27000,false,0,2,51139,"W09IXVtOSF1DKD1PKVtDSDJdT2MxW2NIXVtjSF1bY0hdYyhGKVtjSF0x","J2VwaWtfcHl0aG9uJywgJy1waHQnLCAnMC4wJywgJy1waCcsICc3LjAnLCAnLXRuJywgJzgnLCAnLW1hJywgJzIwMCcsICctaW1hZScsICc8aW5maWxlLm1hZT4nLCAnLW9tYWUnLCAnPG91dGZpbGUubWFlPic=",1.000,0.0172,0.0000,0.0172,0.0000,0.000,0,0,0,"OPLS3e",16.525,true,"130841018.0-1","glide-grid_995",249,5,-2.800,-0.215,-0.506,-0.786,-2.800,-1.776,-0.009,0.000,-1.728,1.702,-4.604,1.392,-0.075,-1.516,-2.901,5.317,13,176,0.000,"This compound has a N-S or N-O group and may undergo hydrolysis at high or low pH.",""
,"22716931.0","7876","296_22716931.0.1","2025-11-13 15:23:04","2025-11-13 15:23:04",,,,,,,"",,"","/home/db/Documentos/David_Hito2/Glide/docking_results/SP/1E9Z-glide-grid_995","docking_pv.maegz",328,"",,,"",,,,,,,,,,,,,,,,,,,,,,,"",,296,4670,false,0,2,51139,"W09IXVtOSF1DKD1PKVtDSDJdW05IXWMxW2NIXVtjSF1bY0hdW2NIXVtjSF0x","J2VwaWtfcHl0aG9uJywgJy1waHQnLCAnMC4wJywgJy1waCcsICc3LjAnLCAnLXRuJywgJzgnLCAnLW1hJywgJzIwMCcsICctaW1hZScsICc8aW5maWxlLm1hZT4nLCAnLW9tYWUnLCAnPG91dGZpbGUubWFlPic=",1.000,0.0037,0.0000,0.0037,0.0000,0.000,0,0,0,"OPLS3e",16.715,true,"22716931.0-1","glide-grid_995",291,5,-2.800,-0.233,-0.534,-0.803,-2.800,-1.592,0.000,0.000,-1.773,0.847,-7.147,1.662,-0.066,-5.730,-6.301,6.688,17,310,0.000,"This compound has a N-S or N-O group and may undergo hydrolysis at high or low pH.",""
,"22716931.0","7877","296_22716931.0.1","2025-11-13 15:23:04","2025-11-13 15:23:04",,,,,,,"",,"","/home/db/Documentos/David_Hito2/Glide/docking_results/SP/1E9Z-glide-grid_995","docking_pv.maegz",329,"",,,"",,,,,,,,,,,,,,,,,,,,,,,"",,296,4670,false,0,2,51139,"W09IXVtOSF1DKD1PKVtDSDJdW05IXWMxW2NIXVtjSF1bY0hdW2NIXVtjSF0x","J2VwaWtfcHl0aG9uJywgJy1waHQnLCAnMC4wJywgJy1waCcsICc3LjAnLCAnLXRuJywgJzgnLCAnLW1hJywgJzIwMCcsICctaW1hZScsICc8aW5maWxlLm1hZT4nLCAnLW9tYWUnLCAnPG91dGZpbGUubWFlPic=",1.000,0.0037,0.0000,0.0037,0.0000,0.000,0,0,0,"OPLS3e",16.715,true,"22716931.0-1","glide-grid_995",291,5,-2.794,-0.233,-0.533,-0.802,-2.794,-1.201,-0.099,0.000,-2.152,4.791,-7.695,1.662,-0.089,-3.914,-2.904,5.675,17,219,0.000,"This compound has a N-S or N-O group and may undergo hydrolysis at high or low pH.",""
,"145956231.0","7878","290_145956231.0.1","2025-11-13 15:23:04","2025-11-13 15:23:04",,,,,,,"",,"","/home/db/Documentos/David_Hito2/Glide/docking_results/SP/1E9Z-glide-grid_995","docking_pv.maegz",330,"",,,"",,,,,,,,,,,,,,,,,,,,,,,"",,290,8210,false,0,2,51139,"W09IXVtOSF1DKD1PKVtDSDJdW05IXWMxW2NIXVtjSF1bY0hdYyhbTitdKD1PKVtPLV0pW2NIXTE=","J2VwaWtfcHl0aG9uJywgJy1waHQnLCAnMC4wJywgJy1waCcsICc3LjAnLCAnLXRuJywgJzgnLCAnLW1hJywgJzIwMCcsICctaW1hZScsICc8aW5maWxlLm1hZT4nLCAnLW9tYWUnLCAnPG91dGZpbGUubWFlPic=",1.000,0.0036,0.0000,0.0036,0.0000,0.000,0,2,0,"OPLS3e",23.160,true,"145956231.0-1","glide-grid_995",285,6,-2.790,-0.186,-0.459,-0.752,-2.790,-1.395,-0.332,0.000,-1.643,7.549,-8.260,1.491,-0.049,2.391,-0.711,6.165,35,273,0.000,"This compound has a N-S or N-O group and may undergo hydrolysis at high or low pH.",""
,"24990996.0","7879","253_24990996.0.1","2025-11-13 15:23:04","2025-11-13 15:23:04",,,,,,,"",,"","/home/db/Documentos/David_Hito2/Glide/docking_results/SP/1E9Z-glide-grid_995","docking_pv.maegz",331,"",,,"",,,,,,,,,,,,,,,,,,,,,,,"",,253,18900,false,0,2,51139,"W09IXVtOSF1DKD1PKVtDSDJdT2MxW2NIXVtjSF1jKEYpW2NIXVtjSF0x","J2VwaWtfcHl0aG9uJywgJy1waHQnLCAnMC4wJywgJy1waCcsICc3LjAnLCAnLXRuJywgJzgnLCAnLW1hJywgJzIwMCcsICctaW1hZScsICc8aW5maWxlLm1hZT4nLCAnLW9tYWUnLCAnPG91dGZpbGUubWFlPic=",1.000,0.0172,0.0000,0.0172,0.0000,0.000,0,0,0,"OPLS3e",15.782,true,"24990996.0-1","glide-grid_995",248,5,-2.789,-0.215,-0.504,-0.782,-2.789,-1.980,-0.006,0.000,-1.718,-5.438,-0.731,1.392,-0.096,-4.568,-6.169,7.763,11,196,0.000,"This compound has a N-S or N-O group and may undergo hydrolysis at high or low pH.",""
,"130841018.0","7880","254_130841018.0.1","2025-11-13 15:23:04","2025-11-13 15:23:04",,,,,,,"",,"","/home/db/Documentos/David_Hito2/Glide/docking_results/SP/1E9Z-glide-grid_995","docking_pv.maegz",332,"",,,"",,,,,,,,,,,,,,,,,,,,,,,"",,254,27000,false,0,2,51139,"W09IXVtOSF1DKD1PKVtDSDJdT2MxW2NIXVtjSF1bY0hdYyhGKVtjSF0x","J2VwaWtfcHl0aG9uJywgJy1waHQnLCAnMC4wJywgJy1waCcsICc3LjAnLCAnLXRuJywgJzgnLCAnLW1hJywgJzIwMCcsICctaW1hZScsICc8aW5maWxlLm1hZT4nLCAnLW9tYWUnLCAnPG91dGZpbGUubWFlPic=",1.000,0.0172,0.0000,0.0172,0.0000,0.000,0,0,0,"OPLS3e",16.525,true,"130841018.0-1","glide-grid_995",249,5,-2.786,-0.214,-0.504,-0.782,-2.786,-1.357,0.000,0.000,-2.146,2.899,-5.180,1.392,-0.043,0.721,-2.281,10.919,7,322,0.000,"This compound has a N-S or N-O group and may undergo hydrolysis at high or low pH.",""
,"130677882.0","7881","240_130677882.0.1","2025-11-13 15:23:04","2025-11-13 15:23:04",,,,,,,"",,"","/home/db/Documentos/David_Hito2/Glide/docking_results/SP/1E9Z-glide-grid_995","docking_pv.maegz",333,"",,,"",,,,,,,,,,,,,,,,,,,,,,,"",,240,153600,false,0,2,51139,"W0NIM11jMVtjSF1bY0hdW2NIXVtjSF1jMU9bQ0gyXUMoPU8pW05IXVtPSF0=","J2VwaWtfcHl0aG9uJywgJy1waHQnLCAnMC4wJywgJy1waCcsICc3LjAnLCAnLXRuJywgJzgnLCAnLW1hJywgJzIwMCcsICctaW1hZScsICc8aW5maWxlLm1hZT4nLCAnLW9tYWUnLCAnPG91dGZpbGUubWFlPic=",1.000,0.0172,0.0000,0.0172,0.0000,0.000,0,0,0,"OPLS3e",11.281,true,"130677882.0-1","glide-grid_995",235,5,-2.781,-0.214,-0.503,-0.780,-2.781,-2.028,0.000,0.000,-2.067,3.368,-4.116,1.924,-0.161,1.467,-0.748,6.788,34,389,0.000,"This compound has a N-S or N-O group and may undergo hydrolysis at high or low pH.",""
,"145983865.0","7882","230_145983865.0.1","2025-11-13 15:23:04","2025-11-13 15:23:04",,,,,,,"",,"","/home/db/Documentos/David_Hito2/Glide/docking_results/SP/1E9Z-glide-grid_995","docking_pv.maegz",334,"",,,"",,,,,,,,,,,,,,,,,,,,,,,"",,230,144300,false,0,2,51139,"W09IXVtOSF1DKD1PKVtDSDJdT2MxW2NIXVtjSF1bY0hdW2NIXWMxW04rXSg9TylbTy1d","J2VwaWtfcHl0aG9uJywgJy1waHQnLCAnMC4wJywgJy1waCcsICc3LjAnLCAnLXRuJywgJzgnLCAnLW1hJywgJzIwMCcsICctaW1hZScsICc8aW5maWxlLm1hZT4nLCAnLW9tYWUnLCAnPG91dGZpbGUubWFlPic=",1.000,0.0172,0.0000,0.0172,0.0000,0.000,0,2,0,"OPLS3e",16.196,true,"145983865.0-1","glide-grid_995",225,6,-2.779,-0.185,-0.457,-0.749,-2.779,-1.751,0.000,0.000,-1.786,-1.508,-3.793,1.480,-0.077,-2.025,-5.302,7.324,46,283,0.000,"This compound has a N-S or N-O group and may undergo hydrolysis at high or low pH.",""
,"60651050.0","7883","250_60651050.0.1","2025-11-13 15:23:04","2025-11-13 15:23:04",,,,,,,"",,"","/home/db/Documentos/David_Hito2/Glide/docking_results/SP/1E9Z-glide-grid_995","docking_pv.maegz",335,"",,,"",,,,,,,,,,,,,,,,,,,,,,,"",,250,10400,false,0,2,51139,"W09IXVtOSF1DKD1PKVtDSDJdT2MxW2NIXVtjSF1bY0hdYyhDbClbY0hdMQ==","J2VwaWtfcHl0aG9uJywgJy1waHQnLCAnMC4wJywgJy1waCcsICc3LjAnLCAnLXRuJywgJzgnLCAnLW1hJywgJzIwMCcsICctaW1hZScsICc8aW5maWxlLm1hZT4nLCAnLW9tYWUnLCAnPG91dGZpbGUubWFlPic=",1.000,0.0172,0.0000,0.0172,0.0000,0.000,0,0,0,"OPLS3e",12.189,true,"60651050.0-1","glide-grid_995",245,5,-2.778,-0.214,-0.503,-0.779,-2.778,-1.936,0.000,0.000,-1.443,-3.888,-2.742,1.209,-0.003,-3.186,-6.631,7.934,4,164,0.000,"This compound has a N-S or N-O group and may undergo hydrolysis at high or low pH.",""
,"59336415.0","7884","251_59336415.0.1","2025-11-13 15:23:04","2025-11-13 15:23:04",,,,,,,"",,"","/home/db/Documentos/David_Hito2/Glide/docking_results/SP/1E9Z-glide-grid_995","docking_pv.maegz",336,"",,,"",,,,,,,,,,,,,,,,,,,,,,,"",,251,57100,false,0,2,51139,"W0NIM11jMVtjSF1bY0hdYyhbY0hdW2NIXTEpT1tDSDJdQyg9TylbTkhdW09IXQ==","J2VwaWtfcHl0aG9uJywgJy1waHQnLCAnMC4wJywgJy1waCcsICc3LjAnLCAnLXRuJywgJzgnLCAnLW1hJywgJzIwMCcsICctaW1hZScsICc8aW5maWxlLm1hZT4nLCAnLW9tYWUnLCAnPG91dGZpbGUubWFlPic=",1.000,0.0172,0.0000,0.0172,0.0000,0.000,0,0,0,"OPLS3e",10.143,true,"59336415.0-1","glide-grid_995",246,5,-2.773,-0.213,-0.501,-0.778,-2.773,-2.061,-0.320,0.000,-1.568,-8.046,-2.262,1.924,-0.006,-6.604,-10.308,8.022,29,102,0.000,"This compound has a N-S or N-O group and may undergo hydrolysis at high or low pH.",""
,"145951218.0","7885","271_145951218.0.1","2025-11-13 15:23:04","2025-11-13 15:23:04",,,,,,,"",,"","/home/db/Documentos/David_Hito2/Glide/docking_results/SP/1E9Z-glide-grid_995","docking_pv.maegz",337,"",,,"",,,,,,,,,,,,,,,,,,,,,,,"",,271,1640,false,0,2,51139,"W0NIM11PYzFbY0hdW2NIXVtjSF1bY0hdYzFbTkhdW0NIMl1bQ0gyXUMoPU8pW05IXVtPSF0=","J2VwaWtfcHl0aG9uJywgJy1waHQnLCAnMC4wJywgJy1waCcsICc3LjAnLCAnLXRuJywgJzgnLCAnLW1hJywgJzIwMCcsICctaW1hZScsICc8aW5maWxlLm1hZT4nLCAnLW9tYWUnLCAnPG91dGZpbGUubWFlPic=",1.000,0.0040,0.0000,0.0040,0.0000,0.000,0,0,0,"OPLS3e",21.852,true,"145951218.0-1","glide-grid_995",266,7,-2.771,-0.185,-0.456,-0.747,-2.771,-0.915,-0.151,0.000,-2.125,10.244,-13.137,1.878,0.000,6.660,-2.893,19.592,43,132,0.000,"This compound has a N-S or N-O group and may undergo hydrolysis at high or low pH.",""
,"130723063.0","7886","241_130723063.0.1","2025-11-13 15:23:04","2025-11-13 15:23:04",,,,,,,"",,"","/home/db/Documentos/David_Hito2/Glide/docking_results/SP/1E9Z-glide-grid_995","docking_pv.maegz",338,"",,,"",,,,,,,,,,,,,,,,,,,,,,,"",,241,121500,false,0,2,51139,"W09IXVtOSF1DKD1PKVtDSDJdT2MxW2NIXVtjSF1bY0hdW2NIXWMxRg==","J2VwaWtfcHl0aG9uJywgJy1waHQnLCAnMC4wJywgJy1waCcsICc3LjAnLCAnLXRuJywgJzgnLCAnLW1hJywgJzIwMCcsICctaW1hZScsICc8aW5maWxlLm1hZT4nLCAnLW9tYWUnLCAnPG91dGZpbGUubWFlPic=",1.000,0.0172,0.0000,0.0172,0.0000,0.000,0,0,0,"OPLS3e",13.476,true,"130723063.0-1","glide-grid_995",236,5,-2.769,-0.213,-0.501,-0.777,-2.769,-1.351,0.000,0.000,-2.146,-2.350,-3.496,1.392,-0.023,-3.737,-5.846,4.737,13,87,0.000,"This compound has a N-S or N-O group and may undergo hydrolysis at high or low pH.",""
,"145984790.0","7887","247_145984790.0.1","2025-11-13 15:23:04","2025-11-13 15:23:04",,,,,,,"",,"","/home/db/Documentos/David_Hito2/Glide/docking_results/SP/1E9Z-glide-grid_995","docking_pv.maegz",339,"",,,"",,,,,,,,,,,,,,,,,,,,,,,"",,247,520,false,0,2,51139,"W09IXVtOSF1DKD1PKVtDSDJdT2MxW2NIXVtjSF1jKENsKWMoQ2wpW2NIXTE=","J2VwaWtfcHl0aG9uJywgJy1waHQnLCAnMC4wJywgJy1waCcsICc3LjAnLCAnLXRuJywgJzgnLCAnLW1hJywgJzIwMCcsICctaW1hZScsICc8aW5maWxlLm1hZT4nLCAnLW9tYWUnLCAnPG91dGZpbGUubWFlPic=",1.000,0.0172,0.0000,0.0172,0.0000,0.000,0,0,0,"OPLS3e",12.923,true,"145984790.0-1","glide-grid_995",242,5,-2.754,-0.197,-0.474,-0.757,-2.754,-1.958,0.000,0.000,-1.414,-3.002,-0.514,0.927,-0.081,0.513,-3.516,10.997,11,267,0.000,"This compound has a N-S or N-O group and may undergo hydrolysis at high or low pH.",""
,"CHEMBL462481","7888","134_CHEMBL462481.1","2025-11-13 15:23:04","2025-11-13 15:23:04",,,,,,,"",,"","/home/db/Documentos/David_Hito2/Glide/docking_results/SP/1E9Z-glide-grid_995","docking_pv.maegz",340,"",,,"",,,,,,,,,,,,,,,,,,,,,,,"",,134,790,false,0,2,51139,"W05IMl1bQ0gyXUMoPU8pW05IXVtDSDJdQyg9TylbTkhdW09IXQ==","J2VwaWtfcHl0aG9uJywgJy1waHQnLCAnMC4wJywgJy1waCcsICc3LjAnLCAnLXRuJywgJzgnLCAnLW1hJywgJzIwMCcsICctaW1hZScsICc8aW5maWxlLm1hZT4nLCAnLW9tYWUnLCAnPG91dGZpbGUubWFlPic=",,0.1406,0.1296,0.0110,0.1190,0.249,1,1,0,"OPLS3e",7.521,true,"CHEMBL462481-1","glide-grid_995",134,6,-2.750,-0.275,-0.592,-0.833,-2.869,-0.270,-0.200,0.000,-2.207,-6.116,-15.711,2.666,-0.195,-25.427,-21.827,5.929,12,292,0.119,"This compound has a N-S or N-O group and may undergo hydrolysis at high or low pH.",""
,"24990996.0","7889","253_24990996.0.1","2025-11-13 15:23:04","2025-11-13 15:23:04",,,,,,,"",,"","/home/db/Documentos/David_Hito2/Glide/docking_results/SP/1E9Z-glide-grid_995","docking_pv.maegz",341,"",,,"",,,,,,,,,,,,,,,,,,,,,,,"",,253,18900,false,0,2,51139,"W09IXVtOSF1DKD1PKVtDSDJdT2MxW2NIXVtjSF1jKEYpW2NIXVtjSF0x","J2VwaWtfcHl0aG9uJywgJy1waHQnLCAnMC4wJywgJy1waCcsICc3LjAnLCAnLXRuJywgJzgnLCAnLW1hJywgJzIwMCcsICctaW1hZScsICc8aW5maWxlLm1hZT4nLCAnLW9tYWUnLCAnPG91dGZpbGUubWFlPic=",1.000,0.0172,0.0000,0.0172,0.0000,0.000,0,0,0,"OPLS3e",15.782,true,"24990996.0-1","glide-grid_995",248,5,-2.744,-0.211,-0.496,-0.770,-2.744,-1.537,0.000,0.000,-2.081,-9.101,-0.192,1.392,-0.034,-11.308,-9.293,2.500,1,396,0.000,"This compound has a N-S or N-O group and may undergo hydrolysis at high or low pH.",""
,"130841018.0","7890","254_130841018.0.1","2025-11-13 15:23:04","2025-11-13 15:23:04",,,,,,,"",,"","/home/db/Documentos/David_Hito2/Glide/docking_results/SP/1E9Z-glide-grid_995","docking_pv.maegz",342,"",,,"",,,,,,,,,,,,,,,,,,,,,,,"",,254,27000,false,0,2,51139,"W09IXVtOSF1DKD1PKVtDSDJdT2MxW2NIXVtjSF1bY0hdYyhGKVtjSF0x","J2VwaWtfcHl0aG9uJywgJy1waHQnLCAnMC4wJywgJy1waCcsICc3LjAnLCAnLXRuJywgJzgnLCAnLW1hJywgJzIwMCcsICctaW1hZScsICc8aW5maWxlLm1hZT4nLCAnLW9tYWUnLCAnPG91dGZpbGUubWFlPic=",1.000,0.0172,0.0000,0.0172,0.0000,0.000,0,0,0,"OPLS3e",16.525,true,"130841018.0-1","glide-grid_995",249,5,-2.741,-0.211,-0.496,-0.769,-2.741,-1.702,0.000,0.000,-1.662,4.246,-6.109,1.392,-0.065,-0.002,-1.863,5.786,11,395,0.000,"This compound has a N-S or N-O group and may undergo hydrolysis at high or low pH.",""
,"21935074.0","7891","248_21935074.0.1","2025-11-13 15:23:04","2025-11-13 15:23:04",,,,,,,"",,"","/home/db/Documentos/David_Hito2/Glide/docking_results/SP/1E9Z-glide-grid_995","docking_pv.maegz",343,"",,,"",,,,,,,,,,,,,,,,,,,,,,,"",,248,4180,false,0,2,51139,"W09IXVtOSF1DKD1PKVtDSDJdW0NIMl1PYzFbY0hdW2NIXVtjSF1bY0hdW2NIXTE=","J2VwaWtfcHl0aG9uJywgJy1waHQnLCAnMC4wJywgJy1waCcsICc3LjAnLCAnLXRuJywgJzgnLCAnLW1hJywgJzIwMCcsICctaW1hZScsICc8aW5maWxlLm1hZT4nLCAnLW9tYWUnLCAnPG91dGZpbGUubWFlPic=",1.000,0.0070,0.0000,0.0070,0.0000,0.000,0,0,0,"OPLS3e",10.224,true,"21935074.0-1","glide-grid_995",243,6,-2.741,-0.211,-0.496,-0.769,-2.741,-1.643,0.000,0.000,-2.041,-2.871,-4.981,1.924,-0.089,-5.211,-7.852,11.476,6,355,0.000,"This compound has a N-S or N-O group and may undergo hydrolysis at high or low pH.",""
,"155547948.0","7892","100_155547948.0.1","2025-11-13 15:23:04","2025-11-13 15:23:04",,,,,,,"",,"","/home/db/Documentos/David_Hito2/Glide/docking_results/SP/1E9Z-glide-grid_995","docking_pv.maegz",344,"",,,"",,,,,,,,,,,,,,,,,,,,,,,"",,100,89200,true,0,2,51139,"W0NIM11PYzFbY0hdW2NIXVtjSF1jKFtjSF0xKVtDQEBIXShbT0hdKVtDSDJdQyg9TylOKFtDSDNdKVtPSF0=","J2VwaWtfcHl0aG9uJywgJy1waHQnLCAnMC4wJywgJy1waCcsICc3LjAnLCAnLXRuJywgJzgnLCAnLW1hJywgJzIwMCcsICctaW1hZScsICc8aW5maWxlLm1hZT4nLCAnLW9tYWUnLCAnPG91dGZpbGUubWFlPic=",1.000,0.0063,0.0000,0.0063,0.0000,0.000,0,0,0,"OPLS3e",20.091,true,"155547948.0-1","glide-grid_995",100,7,-2.737,-0.171,-0.431,-0.726,-2.737,-1.851,0.000,0.000,-0.725,-8.566,-6.093,1.338,-0.156,-9.354,-14.659,10.291,23,195,0.000,"This compound has a N-S or N-O group and may undergo hydrolysis at high or low pH.",""
,"129928412.0","7893","286_129928412.0.1","2025-11-13 15:23:04","2025-11-13 15:23:04",,,,,,,"",,"","/home/db/Documentos/David_Hito2/Glide/docking_results/SP/1E9Z-glide-grid_995","docking_pv.maegz",345,"",,,"",,,,,,,,,,,,,,,,,,,,,,,"",,286,7410,false,0,2,51139,"W09IXVtOSF1DKD1PKVtDSDJdW05IXWMxW2NIXVtjSF1jKEYpW2NIXVtjSF0x","J2VwaWtfcHl0aG9uJywgJy1waHQnLCAnMC4wJywgJy1waCcsICc3LjAnLCAnLXRuJywgJzgnLCAnLW1hJywgJzIwMCcsICctaW1hZScsICc8aW5maWxlLm1hZT4nLCAnLW9tYWUnLCAnPG91dGZpbGUubWFlPic=",1.000,0.0038,0.0000,0.0038,0.0000,0.000,0,0,0,"OPLS3e",16.003,true,"129928412.0-1","glide-grid_995",281,5,-2.731,-0.210,-0.494,-0.766,-2.731,-2.042,-0.152,0.000,0.288,-8.247,-10.946,1.404,-0.176,-10.617,-19.193,12.062,15,213,0.000,"This compound has a N-S or N-O group and may undergo hydrolysis at high or low pH.",""
,"22716931.0","7894","296_22716931.0.1","2025-11-13 15:23:04","2025-11-13 15:23:04",,,,,,,"",,"","/home/db/Documentos/David_Hito2/Glide/docking_results/SP/1E9Z-glide-grid_995","docking_pv.maegz",346,"",,,"",,,,,,,,,,,,,,,,,,,,,,,"",,296,4670,false,0,2,51139,"W09IXVtOSF1DKD1PKVtDSDJdW05IXWMxW2NIXVtjSF1bY0hdW2NIXVtjSF0x","J2VwaWtfcHl0aG9uJywgJy1waHQnLCAnMC4wJywgJy1waCcsICc3LjAnLCAnLXRuJywgJzgnLCAnLW1hJywgJzIwMCcsICctaW1hZScsICc8aW5maWxlLm1hZT4nLCAnLW9tYWUnLCAnPG91dGZpbGUubWFlPic=",1.000,0.0037,0.0000,0.0037,0.0000,0.000,0,0,0,"OPLS3e",16.715,true,"22716931.0-1","glide-grid_995",291,5,-2.729,-0.227,-0.521,-0.783,-2.729,-1.479,-0.069,0.000,-1.973,1.672,-5.720,1.662,-0.095,-3.906,-4.048,6.761,17,129,0.000,"This compound has a N-S or N-O group and may undergo hydrolysis at high or low pH.",""
,"145952401.0","7895","267_145952401.0.1","2025-11-13 15:23:04","2025-11-13 15:23:04",,,,,,,"",,"","/home/db/Documentos/David_Hito2/Glide/docking_results/SP/1E9Z-glide-grid_995","docking_pv.maegz",347,"",,,"",,,,,,,,,,,,,,,,,,,,,,,"",,267,12300,false,0,2,51139,"W09IXVtOSF1DKD1PKVtDSDJdW05IXWMxW2NIXVtjSF1bY0hdW2NIXWMxQnI=","J2VwaWtfcHl0aG9uJywgJy1waHQnLCAnMC4wJywgJy1waCcsICc3LjAnLCAnLXRuJywgJzgnLCAnLW1hJywgJzIwMCcsICctaW1hZScsICc8aW5maWxlLm1hZT4nLCAnLW9tYWUnLCAnPG91dGZpbGUubWFlPic=",1.000,0.0036,0.0000,0.0036,0.0000,0.000,0,0,0,"OPLS3e",19.966,true,"145952401.0-1","glide-grid_995",262,5,-2.715,-0.209,-0.491,-0.762,-2.715,-1.244,0.000,0.000,-1.720,3.069,-4.980,0.869,-0.026,1.749,-1.911,8.955,9,264,0.000,"This compound has a N-S or N-O group and may undergo hydrolysis at high or low pH.",""
,"3252458.0","7896","242_3252458.0.1","2025-11-13 15:23:04","2025-11-13 15:23:04",,,,,,,"",,"","/home/db/Documentos/David_Hito2/Glide/docking_results/SP/1E9Z-glide-grid_995","docking_pv.maegz",348,"",,,"",,,,,,,,,,,,,,,,,,,,,,,"",,242,131200,false,0,2,51139,"W09IXVtOSF1DKD1PKVtDSDJdT2MxW2NIXVtjSF1bY0hdW2NIXVtjSF0x","J2VwaWtfcHl0aG9uJywgJy1waHQnLCAnMC4wJywgJy1waCcsICc3LjAnLCAnLXRuJywgJzgnLCAnLW1hJywgJzIwMCcsICctaW1hZScsICc8aW5maWxlLm1hZT4nLCAnLW9tYWUnLCAnPG91dGZpbGUubWFlPic=",1.000,0.0172,0.0000,0.0172,0.0000,0.000,0,0,0,"OPLS3e",16.996,true,"3252458.0-1","glide-grid_995",237,5,-2.707,-0.226,-0.516,-0.777,-2.707,-1.630,0.000,0.000,-1.693,-4.420,-5.142,1.646,-0.037,-8.838,-9.562,5.755,11,340,0.000,"This compound has a N-S or N-O group and may undergo hydrolysis at high or low pH.",""
,"3252458.0","7897","242_3252458.0.1","2025-11-13 15:23:04","2025-11-13 15:23:04",,,,,,,"",,"","/home/db/Documentos/David_Hito2/Glide/docking_results/SP/1E9Z-glide-grid_995","docking_pv.maegz",349,"",,,"",,,,,,,,,,,,,,,,,,,,,,,"",,242,131200,false,0,2,51139,"W09IXVtOSF1DKD1PKVtDSDJdT2MxW2NIXVtjSF1bY0hdW2NIXVtjSF0x","J2VwaWtfcHl0aG9uJywgJy1waHQnLCAnMC4wJywgJy1waCcsICc3LjAnLCAnLXRuJywgJzgnLCAnLW1hJywgJzIwMCcsICctaW1hZScsICc8aW5maWxlLm1hZT4nLCAnLW9tYWUnLCAnPG91dGZpbGUubWFlPic=",1.000,0.0172,0.0000,0.0172,0.0000,0.000,0,0,0,"OPLS3e",16.996,true,"3252458.0-1","glide-grid_995",237,5,-2.701,-0.225,-0.515,-0.775,-2.701,-1.509,0.000,0.000,-2.233,-11.365,-0.181,1.646,-0.009,-11.809,-11.546,6.848,5,269,0.000,"This compound has a N-S or N-O group and may undergo hydrolysis at high or low pH.",""
,"145958045.0","7898","302_145958045.0.1","2025-11-13 15:23:04","2025-11-13 15:23:04",,,,,,,"",,"","/home/db/Documentos/David_Hito2/Glide/docking_results/SP/1E9Z-glide-grid_995","docking_pv.maegz",350,"",,,"",,,,,,,,,,,,,,,,,,,,,,,"",,302,152000,false,0,2,51139,"W0NIM11PYzFbY0hdW2NIXVtjSF1bY0hdYzFbTkhdW0NIMl1DKD1PKVtOSF1bT0hd","J2VwaWtfcHl0aG9uJywgJy1waHQnLCAnMC4wJywgJy1waCcsICc3LjAnLCAnLXRuJywgJzgnLCAnLW1hJywgJzIwMCcsICctaW1hZScsICc8aW5maWxlLm1hZT4nLCAnLW9tYWUnLCAnPG91dGZpbGUubWFlPic=",1.000,0.0037,0.0000,0.0037,0.0000,0.000,0,0,0,"OPLS3e",23.311,true,"145958045.0-1","glide-grid_995",297,6,-2.696,-0.193,-0.464,-0.741,-2.696,-1.637,-0.189,0.000,-2.071,3.593,-4.326,1.686,-0.016,1.611,-0.732,7.436,3,169,0.000,"This compound has a N-S or N-O group and may undergo hydrolysis at high or low pH.",""
,"72707602.0","7899","69_72707602.0.1","2025-11-13 15:23:04","2025-11-13 15:23:04",,,,,,,"",,"","/home/db/Documentos/David_Hito2/Glide/docking_results/SP/1E9Z-glide-grid_995","docking_pv.maegz",351,"",,,"",,,,,,,,,,,,,,,,,,,,,,,"",,69,23200,true,0,2,51139,"W0NIM11PYzFbY0hdW2NIXVtjSF1jKFtjSF0xKVtDQEBIXShbT0hdKVtDSDJdQyg9TylbTkhdW09IXQ==","J2VwaWtfcHl0aG9uJywgJy1waHQnLCAnMC4wJywgJy1waCcsICc3LjAnLCAnLXRuJywgJzgnLCAnLW1hJywgJzIwMCcsICctaW1hZScsICc8aW5maWxlLm1hZT4nLCAnLW9tYWUnLCAnPG91dGZpbGUubWFlPic=",1.000,0.0062,0.0000,0.0062,0.0000,0.000,0,0,0,"OPLS3e",12.577,true,"72707602.0-1","glide-grid_995",69,7,-2.694,-0.180,-0.443,-0.726,-2.694,-1.853,0.000,0.000,-0.829,-8.009,-6.422,1.491,-0.138,-8.559,-14.431,11.165,14,164,0.000,"This compound has a N-S or N-O group and may undergo hydrolysis at high or low pH.",""
,"145983865.0","7900","230_145983865.0.1","2025-11-13 15:23:04","2025-11-13 15:23:04",,,,,,,"",,"","/home/db/Documentos/David_Hito2/Glide/docking_results/SP/1E9Z-glide-grid_995","docking_pv.maegz",352,"",,,"",,,,,,,,,,,,,,,,,,,,,,,"",,230,144300,false,0,2,51139,"W09IXVtOSF1DKD1PKVtDSDJdT2MxW2NIXVtjSF1bY0hdW2NIXWMxW04rXSg9TylbTy1d","J2VwaWtfcHl0aG9uJywgJy1waHQnLCAnMC4wJywgJy1waCcsICc3LjAnLCAnLXRuJywgJzgnLCAnLW1hJywgJzIwMCcsICctaW1hZScsICc8aW5maWxlLm1hZT4nLCAnLW9tYWUnLCAnPG91dGZpbGUubWFlPic=",1.000,0.0172,0.0000,0.0172,0.0000,0.000,0,2,0,"OPLS3e",16.196,true,"145983865.0-1","glide-grid_995",225,6,-2.687,-0.179,-0.442,-0.725,-2.687,-1.758,-0.051,0.000,-1.952,-6.676,-0.457,1.480,-0.004,-3.419,-7.133,9.088,4,242,0.000,"This compound has a N-S or N-O group and may undergo hydrolysis at high or low pH.",""
,"155546187.0","7901","87_155546187.0.1","2025-11-13 15:23:04","2025-11-13 15:23:04",,,,,,,"",,"","/home/db/Documentos/David_Hito2/Glide/docking_results/SP/1E9Z-glide-grid_995","docking_pv.maegz",353,"",,,"",,,,,,,,,,,,,,,,,,,,,,,"",,87,90400,true,0,2,51139,"W0NIM11OKFtPSF0pQyg9TylbQ0gyXVtDQEBIXShbT0hdKWMxW2NIXVtjSF1jKENsKWMoQ2wpW2NIXTE=","J2VwaWtfcHl0aG9uJywgJy1waHQnLCAnMC4wJywgJy1waCcsICc3LjAnLCAnLXRuJywgJzgnLCAnLW1hJywgJzIwMCcsICctaW1hZScsICc8aW5maWxlLm1hZT4nLCAnLW9tYWUnLCAnPG91dGZpbGUubWFlPic=",1.000,0.0063,0.0000,0.0063,0.0000,0.000,0,0,0,"OPLS3e",15.875,true,"155546187.0-1","glide-grid_995",87,6,-2.686,-0.168,-0.423,-0.712,-2.686,-1.839,0.000,0.000,-0.049,-1.576,-9.179,0.764,-0.107,-8.153,-10.755,3.853,8,155,0.000,"This compound has a N-S or N-O group and may undergo hydrolysis at high or low pH.",""
,"145982844.0","7902","227_145982844.0.1","2025-11-13 15:23:04","2025-11-13 15:23:04",,,,,,,"",,"","/home/db/Documentos/David_Hito2/Glide/docking_results/SP/1E9Z-glide-grid_995","docking_pv.maegz",354,"",,,"",,,,,,,,,,,,,,,,,,,,,,,"",,227,6740,false,0,2,51139,"W0NIM11jMVtjSF1bY0hdW2NIXVtjSF1jMU9bQ0gyXVtDSDJdQyg9TylbTkhdW09IXQ==","J2VwaWtfcHl0aG9uJywgJy1waHQnLCAnMC4wJywgJy1waCcsICc3LjAnLCAnLXRuJywgJzgnLCAnLW1hJywgJzIwMCcsICctaW1hZScsICc8aW5maWxlLm1hZT4nLCAnLW9tYWUnLCAnPG91dGZpbGUubWFlPic=",1.000,0.0067,0.0000,0.0067,0.0000,0.000,0,0,0,"OPLS3e",9.372,true,"145982844.0-1","glide-grid_995",222,6,-2.683,-0.192,-0.462,-0.737,-2.683,-1.623,-0.254,0.000,-2.047,-0.051,-5.687,2.126,-0.030,-4.342,-5.738,8.266,24,48,0.000,"This compound has a N-S or N-O group and may undergo hydrolysis at high or low pH.",""
,"72707602.0","7903","69_72707602.0.1","2025-11-13 15:23:04","2025-11-13 15:23:04",,,,,,,"",,"","/home/db/Documentos/David_Hito2/Glide/docking_results/SP/1E9Z-glide-grid_995","docking_pv.maegz",355,"",,,"",,,,,,,,,,,,,,,,,,,,,,,"",,69,23200,true,0,2,51139,"W0NIM11PYzFbY0hdW2NIXVtjSF1jKFtjSF0xKVtDQEBIXShbT0hdKVtDSDJdQyg9TylbTkhdW09IXQ==","J2VwaWtfcHl0aG9uJywgJy1waHQnLCAnMC4wJywgJy1waCcsICc3LjAnLCAnLXRuJywgJzgnLCAnLW1hJywgJzIwMCcsICctaW1hZScsICc8aW5maWxlLm1hZT4nLCAnLW9tYWUnLCAnPG91dGZpbGUubWFlPic=",1.000,0.0062,0.0000,0.0062,0.0000,0.000,0,0,0,"OPLS3e",12.577,true,"72707602.0-1","glide-grid_995",69,7,-2.675,-0.178,-0.440,-0.721,-2.675,-1.855,0.000,0.000,-0.857,-7.538,-6.268,1.491,-0.137,-9.797,-13.806,7.552,14,66,0.000,"This compound has a N-S or N-O group and may undergo hydrolysis at high or low pH.",""
,"145956231.0","7904","290_145956231.0.1","2025-11-13 15:23:04","2025-11-13 15:23:04",,,,,,,"",,"","/home/db/Documentos/David_Hito2/Glide/docking_results/SP/1E9Z-glide-grid_995","docking_pv.maegz",356,"",,,"",,,,,,,,,,,,,,,,,,,,,,,"",,290,8210,false,0,2,51139,"W09IXVtOSF1DKD1PKVtDSDJdW05IXWMxW2NIXVtjSF1bY0hdYyhbTitdKD1PKVtPLV0pW2NIXTE=","J2VwaWtfcHl0aG9uJywgJy1waHQnLCAnMC4wJywgJy1waCcsICc3LjAnLCAnLXRuJywgJzgnLCAnLW1hJywgJzIwMCcsICctaW1hZScsICc8aW5maWxlLm1hZT4nLCAnLW9tYWUnLCAnPG91dGZpbGUubWFlPic=",1.000,0.0036,0.0000,0.0036,0.0000,0.000,0,2,0,"OPLS3e",23.160,true,"145956231.0-1","glide-grid_995",285,6,-2.657,-0.177,-0.437,-0.717,-2.657,-1.730,0.000,0.000,-2.008,-7.565,0.216,1.491,-0.065,-1.437,-7.349,12.928,10,322,0.000,"This compound has a N-S or N-O group and may undergo hydrolysis at high or low pH.",""
,"72707602.0","7905","69_72707602.0.1","2025-11-13 15:23:04","2025-11-13 15:23:04",,,,,,,"",,"","/home/db/Documentos/David_Hito2/Glide/docking_results/SP/1E9Z-glide-grid_995","docking_pv.maegz",357,"",,,"",,,,,,,,,,,,,,,,,,,,,,,"",,69,23200,true,0,2,51139,"W0NIM11PYzFbY0hdW2NIXVtjSF1jKFtjSF0xKVtDQEBIXShbT0hdKVtDSDJdQyg9TylbTkhdW09IXQ==","J2VwaWtfcHl0aG9uJywgJy1waHQnLCAnMC4wJywgJy1waCcsICc3LjAnLCAnLXRuJywgJzgnLCAnLW1hJywgJzIwMCcsICctaW1hZScsICc8aW5maWxlLm1hZT4nLCAnLW9tYWUnLCAnPG91dGZpbGUubWFlPic=",1.000,0.0062,0.0000,0.0062,0.0000,0.000,0,0,0,"OPLS3e",12.577,true,"72707602.0-1","glide-grid_995",69,7,-2.653,-0.177,-0.436,-0.716,-2.653,-1.661,-0.063,0.000,-1.445,1.139,-6.214,1.491,-0.100,1.183,-5.076,15.366,21,398,0.000,"This compound has a N-S or N-O group and may undergo hydrolysis at high or low pH.",""
,"145956736.0","7906","299_145956736.0.1","2025-11-13 15:23:04","2025-11-13 15:23:04",,,,,,,"",,"","/home/db/Documentos/David_Hito2/Glide/docking_results/SP/1E9Z-glide-grid_995","docking_pv.maegz",358,"",,,"",,,,,,,,,,,,,,,,,,,,,,,"",,299,21810,false,0,2,51139,"W0NIM11PYzFbY0hdW2NIXVtjSF1jKFtjSF0xKVtOSF1bQ0gyXUMoPU8pW05IXVtPSF0=","J2VwaWtfcHl0aG9uJywgJy1waHQnLCAnMC4wJywgJy1waCcsICc3LjAnLCAnLXRuJywgJzgnLCAnLW1hJywgJzIwMCcsICctaW1hZScsICc8aW5maWxlLm1hZT4nLCAnLW9tYWUnLCAnPG91dGZpbGUubWFlPic=",1.000,0.0037,0.0000,0.0037,0.0000,0.000,0,0,0,"OPLS3e",21.149,true,"145956736.0-1","glide-grid_995",294,6,-2.650,-0.189,-0.456,-0.728,-2.650,-1.631,-0.107,0.000,-0.962,2.652,-11.200,1.686,-0.089,-1.033,-8.548,12.870,2,268,0.000,"This compound has a N-S or N-O group and may undergo hydrolysis at high or low pH.",""
,"130842494.0","7907","259_130842494.0.1","2025-11-13 15:23:04","2025-11-13 15:23:04",,,,,,,"",,"","/home/db/Documentos/David_Hito2/Glide/docking_results/SP/1E9Z-glide-grid_995","docking_pv.maegz",359,"",,,"",,,,,,,,,,,,,,,,,,,,,,,"",,259,85100,false,0,2,51139,"W0NIM11jMVtjSF1bY0hdW2NIXWMoW2NIXTEpT1tDSDJdQyg9TylbTkhdW09IXQ==","J2VwaWtfcHl0aG9uJywgJy1waHQnLCAnMC4wJywgJy1waCcsICc3LjAnLCAnLXRuJywgJzgnLCAnLW1hJywgJzIwMCcsICctaW1hZScsICc8aW5maWxlLm1hZT4nLCAnLW9tYWUnLCAnPG91dGZpbGUubWFlPic=",1.000,0.0172,0.0000,0.0172,0.0000,0.000,0,0,0,"OPLS3e",15.739,true,"130842494.0-1","glide-grid_995",254,5,-2.622,-0.202,-0.474,-0.736,-2.622,-1.947,0.000,0.000,-1.342,4.207,-8.833,1.924,-0.143,0.622,-4.626,10.127,10,131,0.000,"This compound has a N-S or N-O group and may undergo hydrolysis at high or low pH.",""
,"21935074.0","7908","248_21935074.0.1","2025-11-13 15:23:04","2025-11-13 15:23:04",,,,,,,"",,"","/home/db/Documentos/David_Hito2/Glide/docking_results/SP/1E9Z-glide-grid_995","docking_pv.maegz",360,"",,,"",,,,,,,,,,,,,,,,,,,,,,,"",,248,4180,false,0,2,51139,"W09IXVtOSF1DKD1PKVtDSDJdW0NIMl1PYzFbY0hdW2NIXVtjSF1bY0hdW2NIXTE=","J2VwaWtfcHl0aG9uJywgJy1waHQnLCAnMC4wJywgJy1waCcsICc3LjAnLCAnLXRuJywgJzgnLCAnLW1hJywgJzIwMCcsICctaW1hZScsICc8aW5maWxlLm1hZT4nLCAnLW9tYWUnLCAnPG91dGZpbGUubWFlPic=",1.000,0.0070,0.0000,0.0070,0.0000,0.000,0,0,0,"OPLS3e",10.224,true,"21935074.0-1","glide-grid_995",243,6,-2.621,-0.202,-0.474,-0.735,-2.621,-1.968,0.000,0.000,-2.040,3.768,-4.136,1.924,-0.104,0.823,-0.368,8.266,4,163,0.000,"This compound has a N-S or N-O group and may undergo hydrolysis at high or low pH.",""
,"145983865.0","7909","230_145983865.0.1","2025-11-13 15:23:04","2025-11-13 15:23:04",,,,,,,"",,"","/home/db/Documentos/David_Hito2/Glide/docking_results/SP/1E9Z-glide-grid_995","docking_pv.maegz",361,"",,,"",,,,,,,,,,,,,,,,,,,,,,,"",,230,144300,false,0,2,51139,"W09IXVtOSF1DKD1PKVtDSDJdT2MxW2NIXVtjSF1bY0hdW2NIXWMxW04rXSg9TylbTy1d","J2VwaWtfcHl0aG9uJywgJy1waHQnLCAnMC4wJywgJy1waCcsICc3LjAnLCAnLXRuJywgJzgnLCAnLW1hJywgJzIwMCcsICctaW1hZScsICc8aW5maWxlLm1hZT4nLCAnLW9tYWUnLCAnPG91dGZpbGUubWFlPic=",1.000,0.0172,0.0000,0.0172,0.0000,0.000,0,2,0,"OPLS3e",16.196,true,"145983865.0-1","glide-grid_995",225,6,-2.620,-0.175,-0.431,-0.707,-2.620,-2.000,0.000,0.000,-1.794,2.282,-2.316,1.480,-0.073,4.066,-0.034,8.913,46,164,0.000,"This compound has a N-S or N-O group and may undergo hydrolysis at high or low pH.",""
,"145959103.0","7910","276_145959103.0.1","2025-11-13 15:23:04","2025-11-13 15:23:04",,,,,,,"",,"","/home/db/Documentos/David_Hito2/Glide/docking_results/SP/1E9Z-glide-grid_995","docking_pv.maegz",362,"",,,"",,,,,,,,,,,,,,,,,,,,,,,"",,276,1220,false,0,2,51139,"W09IXVtOSF1DKD1PKVtDSDJdW0NIMl1bTkhdYzFbY0hdW2NIXVtjSF1bY0hdW2NIXTE=","J2VwaWtfcHl0aG9uJywgJy1waHQnLCAnMC4wJywgJy1waCcsICc3LjAnLCAnLXRuJywgJzgnLCAnLW1hJywgJzIwMCcsICctaW1hZScsICc8aW5maWxlLm1hZT4nLCAnLW9tYWUnLCAnPG91dGZpbGUubWFlPic=",1.000,0.0040,0.0000,0.0040,0.0000,0.000,0,0,0,"OPLS3e",11.878,true,"145959103.0-1","glide-grid_995",271,6,-2.614,-0.201,-0.473,-0.733,-2.614,-1.660,0.000,0.000,-1.436,-8.431,-6.041,1.941,-0.132,-10.239,-14.472,13.315,23,9,0.000,"This compound has a N-S or N-O group and may undergo hydrolysis at high or low pH.",""
,"145958008.0","7911","280_145958008.0.1","2025-11-13 15:23:04","2025-11-13 15:23:04",,,,,,,"",,"","/home/db/Documentos/David_Hito2/Glide/docking_results/SP/1E9Z-glide-grid_995","docking_pv.maegz",363,"",,,"",,,,,,,,,,,,,,,,,,,,,,,"",,280,2982,false,0,2,51139,"W09IXVtOSF1DKD1PKVtDSDJdW0NIMl1bTkhdYzFbY0hdW2NIXVtjSF1bY0hdYzFDbA==","J2VwaWtfcHl0aG9uJywgJy1waHQnLCAnMC4wJywgJy1waCcsICc3LjAnLCAnLXRuJywgJzgnLCAnLW1hJywgJzIwMCcsICctaW1hZScsICc8aW5maWxlLm1hZT4nLCAnLW9tYWUnLCAnPG91dGZpbGUubWFlPic=",1.000,0.0035,0.0000,0.0035,0.0000,0.000,0,0,0,"OPLS3e",15.802,true,"145958008.0-1","glide-grid_995",275,6,-2.611,-0.186,-0.449,-0.717,-2.611,-1.644,0.000,0.000,-1.635,2.832,-5.633,1.451,-0.080,6.007,-2.801,17.852,20,299,0.000,"This compound has a N-S or N-O group and may undergo hydrolysis at high or low pH.",""
,"155514177.0","7912","82_155514177.0.1","2025-11-13 15:23:04","2025-11-13 15:23:04",,,,,,,"",,"","/home/db/Documentos/David_Hito2/Glide/docking_results/SP/1E9Z-glide-grid_995","docking_pv.maegz",364,"",,,"",,,,,,,,,,,,,,,,,,,,,,,"",,82,77200,true,0,2,51139,"W0NIM11OKFtPSF0pQyg9TylbQ0gyXVtDQEBIXShbT0hdKWMxW2NIXVtjSF1jKEYpW2NIXVtjSF0x","J2VwaWtfcHl0aG9uJywgJy1waHQnLCAnMC4wJywgJy1waCcsICc3LjAnLCAnLXRuJywgJzgnLCAnLW1hJywgJzIwMCcsICctaW1hZScsICc8aW5maWxlLm1hZT4nLCAnLW9tYWUnLCAnPG91dGZpbGUubWFlPic=",1.000,0.0063,0.0000,0.0063,0.0000,0.000,0,0,0,"OPLS3e",13.118,true,"155514177.0-1","glide-grid_995",82,6,-2.599,-0.173,-0.427,-0.701,-2.599,-1.788,-0.277,0.000,-0.505,-2.056,-6.047,1.101,-0.120,-4.083,-8.103,2.863,9,176,0.000,"This compound has a N-S or N-O group and may undergo hydrolysis at high or low pH.",""
,"95562485.0","7913","258_95562485.0.1","2025-11-13 15:23:04","2025-11-13 15:23:04",,,,,,,"",,"","/home/db/Documentos/David_Hito2/Glide/docking_results/SP/1E9Z-glide-grid_995","docking_pv.maegz",365,"",,,"",,,,,,,,,,,,,,,,,,,,,,,"",,258,62100,false,0,2,51139,"W09IXVtOSF1DKD1PKVtDSDJdT2MxW2NIXVtjSF1jKFtOK10oPU8pW08tXSlbY0hdW2NIXTE=","J2VwaWtfcHl0aG9uJywgJy1waHQnLCAnMC4wJywgJy1waCcsICc3LjAnLCAnLXRuJywgJzgnLCAnLW1hJywgJzIwMCcsICctaW1hZScsICc8aW5maWxlLm1hZT4nLCAnLW9tYWUnLCAnPG91dGZpbGUubWFlPic=",1.000,0.0172,0.0000,0.0172,0.0000,0.000,0,2,0,"OPLS3e",13.382,true,"95562485.0-1","glide-grid_995",253,6,-2.586,-0.172,-0.425,-0.698,-2.586,-1.641,-0.438,0.000,-0.483,1.654,-9.580,1.480,-0.149,1.915,-7.926,12.054,53,232,0.000,"This compound has a N-S or N-O group and may undergo hydrolysis at high or low pH.",""
,"145958045.0","7914","302_145958045.0.1","2025-11-13 15:23:04","2025-11-13 15:23:04",,,,,,,"",,"","/home/db/Documentos/David_Hito2/Glide/docking_results/SP/1E9Z-glide-grid_995","docking_pv.maegz",366,"",,,"",,,,,,,,,,,,,,,,,,,,,,,"",,302,152000,false,0,2,51139,"W0NIM11PYzFbY0hdW2NIXVtjSF1bY0hdYzFbTkhdW0NIMl1DKD1PKVtOSF1bT0hd","J2VwaWtfcHl0aG9uJywgJy1waHQnLCAnMC4wJywgJy1waCcsICc3LjAnLCAnLXRuJywgJzgnLCAnLW1hJywgJzIwMCcsICctaW1hZScsICc8aW5maWxlLm1hZT4nLCAnLW9tYWUnLCAnPG91dGZpbGUubWFlPic=",1.000,0.0037,0.0000,0.0037,0.0000,0.000,0,0,0,"OPLS3e",23.311,true,"145958045.0-1","glide-grid_995",297,6,-2.579,-0.184,-0.444,-0.709,-2.579,-0.655,-0.118,0.000,-2.221,-2.176,-7.751,1.686,0.000,-7.636,-9.927,7.212,38,119,0.000,"This compound has a N-S or N-O group and may undergo hydrolysis at high or low pH.",""
,"21935074.0","7915","248_21935074.0.1","2025-11-13 15:23:04","2025-11-13 15:23:04",,,,,,,"",,"","/home/db/Documentos/David_Hito2/Glide/docking_results/SP/1E9Z-glide-grid_995","docking_pv.maegz",367,"",,,"",,,,,,,,,,,,,,,,,,,,,,,"",,248,4180,false,0,2,51139,"W09IXVtOSF1DKD1PKVtDSDJdW0NIMl1PYzFbY0hdW2NIXVtjSF1bY0hdW2NIXTE=","J2VwaWtfcHl0aG9uJywgJy1waHQnLCAnMC4wJywgJy1waCcsICc3LjAnLCAnLXRuJywgJzgnLCAnLW1hJywgJzIwMCcsICctaW1hZScsICc8aW5maWxlLm1hZT4nLCAnLW9tYWUnLCAnPG91dGZpbGUubWFlPic=",1.000,0.0070,0.0000,0.0070,0.0000,0.000,0,0,0,"OPLS3e",10.224,true,"21935074.0-1","glide-grid_995",243,6,-2.571,-0.198,-0.465,-0.721,-2.571,-1.806,-0.035,0.000,-2.071,-4.497,-1.833,1.924,-0.083,-2.608,-6.330,13.378,4,271,0.000,"This compound has a N-S or N-O group and may undergo hydrolysis at high or low pH.",""
,"203276.0","7916","284_203276.0.1","2025-11-13 15:23:04","2025-11-13 15:23:04",,,,,,,"",,"","/home/db/Documentos/David_Hito2/Glide/docking_results/SP/1E9Z-glide-grid_995","docking_pv.maegz",368,"",,,"",,,,,,,,,,,,,,,,,,,,,,,"",,284,21180,false,0,2,51139,"W09IXVtOSF1DKD1PKVtDSDJdW05IXWMxW2NIXVtjSF1jKENsKWMoQ2wpW2NIXTE=","J2VwaWtfcHl0aG9uJywgJy1waHQnLCAnMC4wJywgJy1waCcsICc3LjAnLCAnLXRuJywgJzgnLCAnLW1hJywgJzIwMCcsICctaW1hZScsICc8aW5maWxlLm1hZT4nLCAnLW9tYWUnLCAnPG91dGZpbGUubWFlPic=",1.000,0.0036,0.0000,0.0036,0.0000,0.000,0,0,0,"OPLS3e",17.624,true,"203276.0-1","glide-grid_995",279,5,-2.553,-0.182,-0.439,-0.701,-2.553,-1.758,-0.074,0.000,-0.758,6.748,-7.514,0.933,-0.106,14.340,-0.765,26.198,18,241,0.000,"This compound has a N-S or N-O group and may undergo hydrolysis at high or low pH.",""
,"15125023.0","7917","257_15125023.0.1","2025-11-13 15:23:04","2025-11-13 15:23:04",,,,,,,"",,"","/home/db/Documentos/David_Hito2/Glide/docking_results/SP/1E9Z-glide-grid_995","docking_pv.maegz",369,"",,,"",,,,,,,,,,,,,,,,,,,,,,,"",,257,49500,false,0,2,51139,"W0NIM11PYzFbY0hdW2NIXWMoW2NIXVtjSF0xKU9bQ0gyXUMoPU8pW05IXVtPSF0=","J2VwaWtfcHl0aG9uJywgJy1waHQnLCAnMC4wJywgJy1waCcsICc3LjAnLCAnLXRuJywgJzgnLCAnLW1hJywgJzIwMCcsICctaW1hZScsICc8aW5maWxlLm1hZT4nLCAnLW9tYWUnLCAnPG91dGZpbGUubWFlPic=",1.000,0.0172,0.0000,0.0172,0.0000,0.000,0,0,0,"OPLS3e",16.768,true,"15125023.0-1","glide-grid_995",252,6,-2.549,-0.182,-0.439,-0.700,-2.549,-1.730,0.000,0.000,-2.024,1.503,-3.160,1.672,-0.068,3.237,-1.656,14.684,45,328,0.000,"This compound has a N-S or N-O group and may undergo hydrolysis at high or low pH.",""
,"46769547.0","7918","289_46769547.0.1","2025-11-13 15:23:04","2025-11-13 15:23:04",,,,,,,"",,"","/home/db/Documentos/David_Hito2/Glide/docking_results/SP/1E9Z-glide-grid_995","docking_pv.maegz",370,"",,,"",,,,,,,,,,,,,,,,,,,,,,,"",,289,3910,false,0,2,51139,"W0NIM11jMVtjSF1bY0hdYyhbY0hdW2NIXTEpW05IXVtDSDJdQyg9TylbTkhdW09IXQ==","J2VwaWtfcHl0aG9uJywgJy1waHQnLCAnMC4wJywgJy1waCcsICc3LjAnLCAnLXRuJywgJzgnLCAnLW1hJywgJzIwMCcsICctaW1hZScsICc8aW5maWxlLm1hZT4nLCAnLW9tYWUnLCAnPG91dGZpbGUubWFlPic=",1.000,0.0039,0.0000,0.0039,0.0000,0.000,0,0,0,"OPLS3e",12.729,true,"46769547.0-1","glide-grid_995",284,5,-2.546,-0.196,-0.461,-0.714,-2.546,-2.081,0.000,0.000,-1.834,-5.757,-1.308,1.941,-0.088,-2.320,-7.065,9.937,25,222,0.000,"This compound has a N-S or N-O group and may undergo hydrolysis at high or low pH.",""
,"130005353.0","7919","273_130005353.0.1","2025-11-13 15:23:04","2025-11-13 15:23:04",,,,,,,"",,"","/home/db/Documentos/David_Hito2/Glide/docking_results/SP/1E9Z-glide-grid_995","docking_pv.maegz",371,"",,,"",,,,,,,,,,,,,,,,,,,,,,,"",,273,1150,false,0,2,51139,"W09IXVtOSF1DKD1PKVtDSDJdW05IXWMxW2NIXVtjSF1bY0hdYyhDbClbY0hdMQ==","J2VwaWtfcHl0aG9uJywgJy1waHQnLCAnMC4wJywgJy1waCcsICc3LjAnLCAnLXRuJywgJzgnLCAnLW1hJywgJzIwMCcsICctaW1hZScsICc8aW5maWxlLm1hZT4nLCAnLW9tYWUnLCAnPG91dGZpbGUubWFlPic=",1.000,0.0036,0.0000,0.0036,0.0000,0.000,0,0,0,"OPLS3e",17.625,true,"130005353.0-1","glide-grid_995",268,5,-2.546,-0.196,-0.461,-0.714,-2.546,-1.902,0.000,0.000,-0.641,6.066,-9.236,1.219,-0.139,1.996,-3.170,5.450,2,247,0.000,"This compound has a N-S or N-O group and may undergo hydrolysis at high or low pH.",""
,"129928412.0","7920","286_129928412.0.1","2025-11-13 15:23:04","2025-11-13 15:23:04",,,,,,,"",,"","/home/db/Documentos/David_Hito2/Glide/docking_results/SP/1E9Z-glide-grid_995","docking_pv.maegz",372,"",,,"",,,,,,,,,,,,,,,,,,,,,,,"",,286,7410,false,0,2,51139,"W09IXVtOSF1DKD1PKVtDSDJdW05IXWMxW2NIXVtjSF1jKEYpW2NIXVtjSF0x","J2VwaWtfcHl0aG9uJywgJy1waHQnLCAnMC4wJywgJy1waCcsICc3LjAnLCAnLXRuJywgJzgnLCAnLW1hJywgJzIwMCcsICctaW1hZScsICc8aW5maWxlLm1hZT4nLCAnLW9tYWUnLCAnPG91dGZpbGUubWFlPic=",1.000,0.0038,0.0000,0.0038,0.0000,0.000,0,0,0,"OPLS3e",16.003,true,"129928412.0-1","glide-grid_995",281,5,-2.543,-0.196,-0.460,-0.713,-2.543,-1.650,-0.011,0.000,-1.043,3.501,-8.538,1.404,-0.138,-0.378,-5.037,11.223,2,94,0.000,"This compound has a N-S or N-O group and may undergo hydrolysis at high or low pH.",""
,"71727110.0","7921","84_71727110.0.1","2025-11-13 15:23:04","2025-11-13 15:23:04",,,,,,,"",,"","/home/db/Documentos/David_Hito2/Glide/docking_results/SP/1E9Z-glide-grid_995","docking_pv.maegz",373,"",,,"",,,,,,,,,,,,,,,,,,,,,,,"",,84,30500,true,0,2,51139,"W0NIM11OKFtPSF0pQyg9TylbQ0gyXVtDQEBIXShbT0hdKWMxW2NIXWMoQ2wpW2NIXVtjSF1jMVtPSF0=","J2VwaWtfcHl0aG9uJywgJy1waHQnLCAnMC4wJywgJy1waCcsICc3LjAnLCAnLXRuJywgJzgnLCAnLW1hJywgJzIwMCcsICctaW1hZScsICc8aW5maWxlLm1hZT4nLCAnLW9tYWUnLCAnPG91dGZpbGUubWFlPic=",1.000,0.0103,0.0000,0.0103,0.0000,0.000,0,0,0,"OPLS3e",12.777,true,"71727110.0-1","glide-grid_995",84,7,-2.528,-0.158,-0.398,-0.670,-2.528,-1.582,-0.237,0.000,-0.191,6.864,-12.986,1.154,-0.067,-4.157,-6.123,4.450,12,73,0.000,"This compound has a N-S or N-O group and may undergo hydrolysis at high or low pH.",""
,"24705008.0","7922","237_24705008.0.1","2025-11-13 15:23:04","2025-11-13 15:23:04",,,,,,,"",,"","/home/db/Documentos/David_Hito2/Glide/docking_results/SP/1E9Z-glide-grid_995","docking_pv.maegz",374,"",,,"",,,,,,,,,,,,,,,,,,,,,,,"",,237,3380,false,0,2,51139,"W0NIM11jMVtjSF1bY0hdW2NIXWMoW2NIXTEpT1tDSDJdW0NIMl1DKD1PKVtOSF1bT0hd","J2VwaWtfcHl0aG9uJywgJy1waHQnLCAnMC4wJywgJy1waCcsICc3LjAnLCAnLXRuJywgJzgnLCAnLW1hJywgJzIwMCcsICctaW1hZScsICc8aW5maWxlLm1hZT4nLCAnLW9tYWUnLCAnPG91dGZpbGUubWFlPic=",1.000,0.0068,0.0000,0.0068,0.0000,0.000,0,0,0,"OPLS3e",11.759,true,"24705008.0-1","glide-grid_995",232,6,-2.527,-0.181,-0.435,-0.694,-2.527,-1.383,0.000,0.000,-1.751,0.176,-9.206,2.126,-0.147,-3.281,-9.029,9.769,91,360,0.000,"This compound has a N-S or N-O group and may undergo hydrolysis at high or low pH.",""
,"155514177.0","7923","82_155514177.0.1","2025-11-13 15:23:04","2025-11-13 15:23:04",,,,,,,"",,"","/home/db/Documentos/David_Hito2/Glide/docking_results/SP/1E9Z-glide-grid_995","docking_pv.maegz",375,"",,,"",,,,,,,,,,,,,,,,,,,,,,,"",,82,77200,true,0,2,51139,"W0NIM11OKFtPSF0pQyg9TylbQ0gyXVtDQEBIXShbT0hdKWMxW2NIXVtjSF1jKEYpW2NIXVtjSF0x","J2VwaWtfcHl0aG9uJywgJy1waHQnLCAnMC4wJywgJy1waCcsICc3LjAnLCAnLXRuJywgJzgnLCAnLW1hJywgJzIwMCcsICctaW1hZScsICc8aW5maWxlLm1hZT4nLCAnLW9tYWUnLCAnPG91dGZpbGUubWFlPic=",1.000,0.0063,0.0000,0.0063,0.0000,0.000,0,0,0,"OPLS3e",13.118,true,"155514177.0-1","glide-grid_995",82,6,-2.522,-0.168,-0.415,-0.680,-2.522,-1.790,-0.247,0.000,-0.382,-7.152,-5.300,1.101,-0.051,-6.000,-12.452,6.932,11,54,0.000,"This compound has a N-S or N-O group and may undergo hydrolysis at high or low pH.",""
,"145982844.0","7924","227_145982844.0.1","2025-11-13 15:23:04","2025-11-13 15:23:04",,,,,,,"",,"","/home/db/Documentos/David_Hito2/Glide/docking_results/SP/1E9Z-glide-grid_995","docking_pv.maegz",376,"",,,"",,,,,,,,,,,,,,,,,,,,,,,"",,227,6740,false,0,2,51139,"W0NIM11jMVtjSF1bY0hdW2NIXVtjSF1jMU9bQ0gyXVtDSDJdQyg9TylbTkhdW09IXQ==","J2VwaWtfcHl0aG9uJywgJy1waHQnLCAnMC4wJywgJy1waCcsICc3LjAnLCAnLXRuJywgJzgnLCAnLW1hJywgJzIwMCcsICctaW1hZScsICc8aW5maWxlLm1hZT4nLCAnLW9tYWUnLCAnPG91dGZpbGUubWFlPic=",1.000,0.0067,0.0000,0.0067,0.0000,0.000,0,0,0,"OPLS3e",9.372,true,"145982844.0-1","glide-grid_995",222,6,-2.520,-0.180,-0.434,-0.693,-2.520,-1.514,0.000,0.000,-1.769,3.098,-9.137,2.126,-0.147,-2.570,-6.039,10.484,24,317,0.000,"This compound has a N-S or N-O group and may undergo hydrolysis at high or low pH.",""
,"24990996.0","7925","253_24990996.0.1","2025-11-13 15:23:04","2025-11-13 15:23:04",,,,,,,"",,"","/home/db/Documentos/David_Hito2/Glide/docking_results/SP/1E9Z-glide-grid_995","docking_pv.maegz",377,"",,,"",,,,,,,,,,,,,,,,,,,,,,,"",,253,18900,false,0,2,51139,"W09IXVtOSF1DKD1PKVtDSDJdT2MxW2NIXVtjSF1jKEYpW2NIXVtjSF0x","J2VwaWtfcHl0aG9uJywgJy1waHQnLCAnMC4wJywgJy1waCcsICc3LjAnLCAnLXRuJywgJzgnLCAnLW1hJywgJzIwMCcsICctaW1hZScsICc8aW5maWxlLm1hZT4nLCAnLW9tYWUnLCAnPG91dGZpbGUubWFlPic=",1.000,0.0172,0.0000,0.0172,0.0000,0.000,0,0,0,"OPLS3e",15.782,true,"24990996.0-1","glide-grid_995",248,5,-2.509,-0.193,-0.454,-0.704,-2.509,-2.095,0.000,0.000,0.010,-8.109,-8.785,1.392,-0.093,-9.529,-16.895,8.717,10,335,0.000,"This compound has a N-S or N-O group and may undergo hydrolysis at high or low pH.",""
,"145958473.0","7926","274_145958473.0.1","2025-11-13 15:23:04","2025-11-13 15:23:04",,,,,,,"",,"","/home/db/Documentos/David_Hito2/Glide/docking_results/SP/1E9Z-glide-grid_995","docking_pv.maegz",378,"",,,"",,,,,,,,,,,,,,,,,,,,,,,"",,274,10530,false,0,2,51139,"W09IXVtOSF1DKD1PKVtDSDJdW0NIMl1bTkhdYzFbY0hdW2NIXVtjSF1bY0hdYzFbTitdKD1PKVtPLV0=","J2VwaWtfcHl0aG9uJywgJy1waHQnLCAnMC4wJywgJy1waCcsICc3LjAnLCAnLXRuJywgJzgnLCAnLW1hJywgJzIwMCcsICctaW1hZScsICc8aW5maWxlLm1hZT4nLCAnLW9tYWUnLCAnPG91dGZpbGUubWFlPic=",1.000,0.0035,0.0000,0.0035,0.0000,0.000,0,2,0,"OPLS3e",23.868,true,"145958473.0-1","glide-grid_995",269,7,-2.487,-0.155,-0.392,-0.659,-2.487,-1.802,-0.061,0.000,-1.873,-6.235,-0.232,1.673,-0.077,-11.345,-6.467,8.913,27,294,0.000,"This compound has a N-S or N-O group and may undergo hydrolysis at high or low pH.",""
,"72707602.0","7927","69_72707602.0.1","2025-11-13 15:23:04","2025-11-13 15:23:04",,,,,,,"",,"","/home/db/Documentos/David_Hito2/Glide/docking_results/SP/1E9Z-glide-grid_995","docking_pv.maegz",379,"",,,"",,,,,,,,,,,,,,,,,,,,,,,"",,69,23200,true,0,2,51139,"W0NIM11PYzFbY0hdW2NIXVtjSF1jKFtjSF0xKVtDQEBIXShbT0hdKVtDSDJdQyg9TylbTkhdW09IXQ==","J2VwaWtfcHl0aG9uJywgJy1waHQnLCAnMC4wJywgJy1waCcsICc3LjAnLCAnLXRuJywgJzgnLCAnLW1hJywgJzIwMCcsICctaW1hZScsICc8aW5maWxlLm1hZT4nLCAnLW9tYWUnLCAnPG91dGZpbGUubWFlPic=",1.000,0.0062,0.0000,0.0062,0.0000,0.000,0,0,0,"OPLS3e",12.577,true,"72707602.0-1","glide-grid_995",69,7,-2.482,-0.165,-0.408,-0.669,-2.482,-1.853,0.000,0.000,-0.760,-8.147,-5.428,1.491,-0.138,-6.605,-13.576,12.497,14,26,0.000,"This compound has a N-S or N-O group and may undergo hydrolysis at high or low pH.",""
,"145956736.0","7928","299_145956736.0.1","2025-11-13 15:23:04","2025-11-13 15:23:04",,,,,,,"",,"","/home/db/Documentos/David_Hito2/Glide/docking_results/SP/1E9Z-glide-grid_995","docking_pv.maegz",380,"",,,"",,,,,,,,,,,,,,,,,,,,,,,"",,299,21810,false,0,2,51139,"W0NIM11PYzFbY0hdW2NIXVtjSF1jKFtjSF0xKVtOSF1bQ0gyXUMoPU8pW05IXVtPSF0=","J2VwaWtfcHl0aG9uJywgJy1waHQnLCAnMC4wJywgJy1waCcsICc3LjAnLCAnLXRuJywgJzgnLCAnLW1hJywgJzIwMCcsICctaW1hZScsICc8aW5maWxlLm1hZT4nLCAnLW9tYWUnLCAnPG91dGZpbGUubWFlPic=",1.000,0.0037,0.0000,0.0037,0.0000,0.000,0,0,0,"OPLS3e",21.149,true,"145956736.0-1","glide-grid_995",294,6,-2.477,-0.177,-0.426,-0.681,-2.477,-1.891,0.000,0.000,-1.650,-2.357,-2.849,1.686,-0.077,0.849,-5.206,13.608,27,298,0.000,"This compound has a N-S or N-O group and may undergo hydrolysis at high or low pH.",""
,"145973840.0","7929","272_145973840.0.1","2025-11-13 15:23:04","2025-11-13 15:23:04",,,,,,,"",,"","/home/db/Documentos/David_Hito2/Glide/docking_results/SP/1E9Z-glide-grid_995","docking_pv.maegz",381,"",,,"",,,,,,,,,,,,,,,,,,,,,,,"",,272,5100,false,0,2,51139,"W09IXVtOSF1DKD1PKVtDSDJdW0NIMl1bTkhdYzFbY0hdW2NIXVtjSF1jKFtOK10oPU8pW08tXSlbY0hdMQ==","J2VwaWtfcHl0aG9uJywgJy1waHQnLCAnMC4wJywgJy1waCcsICc3LjAnLCAnLXRuJywgJzgnLCAnLW1hJywgJzIwMCcsICctaW1hZScsICc8aW5maWxlLm1hZT4nLCAnLW9tYWUnLCAnPG91dGZpbGUubWFlPic=",1.000,0.0035,0.0000,0.0035,0.0000,0.000,0,2,0,"OPLS3e",20.914,true,"145973840.0-1","glide-grid_995",267,7,-2.474,-0.155,-0.390,-0.656,-2.474,-1.479,0.000,0.000,-1.828,4.635,-5.866,1.673,-0.191,4.346,-1.232,14.541,4,310,0.000,"This compound has a N-S or N-O group and may undergo hydrolysis at high or low pH.",""
,"145958473.0","7930","274_145958473.0.1","2025-11-13 15:23:04","2025-11-13 15:23:04",,,,,,,"",,"","/home/db/Documentos/David_Hito2/Glide/docking_results/SP/1E9Z-glide-grid_995","docking_pv.maegz",382,"",,,"",,,,,,,,,,,,,,,,,,,,,,,"",,274,10530,false,0,2,51139,"W09IXVtOSF1DKD1PKVtDSDJdW0NIMl1bTkhdYzFbY0hdW2NIXVtjSF1bY0hdYzFbTitdKD1PKVtPLV0=","J2VwaWtfcHl0aG9uJywgJy1waHQnLCAnMC4wJywgJy1waCcsICc3LjAnLCAnLXRuJywgJzgnLCAnLW1hJywgJzIwMCcsICctaW1hZScsICc8aW5maWxlLm1hZT4nLCAnLW9tYWUnLCAnPG91dGZpbGUubWFlPic=",1.000,0.0035,0.0000,0.0035,0.0000,0.000,0,2,0,"OPLS3e",23.868,true,"145958473.0-1","glide-grid_995",269,7,-2.470,-0.154,-0.389,-0.655,-2.470,-1.793,-0.042,0.000,-1.874,-4.564,-0.877,1.673,-0.074,-10.014,-5.441,9.401,28,288,0.000,"This compound has a N-S or N-O group and may undergo hydrolysis at high or low pH.",""
,"145951218.0","7931","271_145951218.0.1","2025-11-13 15:23:04","2025-11-13 15:23:04",,,,,,,"",,"","/home/db/Documentos/David_Hito2/Glide/docking_results/SP/1E9Z-glide-grid_995","docking_pv.maegz",383,"",,,"",,,,,,,,,,,,,,,,,,,,,,,"",,271,1640,false,0,2,51139,"W0NIM11PYzFbY0hdW2NIXVtjSF1bY0hdYzFbTkhdW0NIMl1bQ0gyXUMoPU8pW05IXVtPSF0=","J2VwaWtfcHl0aG9uJywgJy1waHQnLCAnMC4wJywgJy1waCcsICc3LjAnLCAnLXRuJywgJzgnLCAnLW1hJywgJzIwMCcsICctaW1hZScsICc8aW5maWxlLm1hZT4nLCAnLW9tYWUnLCAnPG91dGZpbGUubWFlPic=",1.000,0.0040,0.0000,0.0040,0.0000,0.000,0,0,0,"OPLS3e",21.852,true,"145951218.0-1","glide-grid_995",266,7,-2.463,-0.164,-0.405,-0.664,-2.463,-1.028,-0.126,0.000,-2.126,0.965,-7.400,1.878,0.000,2.339,-6.436,17.984,59,164,0.000,"This compound has a N-S or N-O group and may undergo hydrolysis at high or low pH.",""
,"145956736.0","7932","299_145956736.0.1","2025-11-13 15:23:04","2025-11-13 15:23:04",,,,,,,"",,"","/home/db/Documentos/David_Hito2/Glide/docking_results/SP/1E9Z-glide-grid_995","docking_pv.maegz",384,"",,,"",,,,,,,,,,,,,,,,,,,,,,,"",,299,21810,false,0,2,51139,"W0NIM11PYzFbY0hdW2NIXVtjSF1jKFtjSF0xKVtOSF1bQ0gyXUMoPU8pW05IXVtPSF0=","J2VwaWtfcHl0aG9uJywgJy1waHQnLCAnMC4wJywgJy1waCcsICc3LjAnLCAnLXRuJywgJzgnLCAnLW1hJywgJzIwMCcsICctaW1hZScsICc8aW5maWxlLm1hZT4nLCAnLW9tYWUnLCAnPG91dGZpbGUubWFlPic=",1.000,0.0037,0.0000,0.0037,0.0000,0.000,0,0,0,"OPLS3e",21.149,true,"145956736.0-1","glide-grid_995",294,6,-2.434,-0.174,-0.419,-0.669,-2.434,-1.377,-0.016,0.000,-1.756,-0.489,-6.062,1.686,-0.038,-3.030,-6.550,9.079,8,217,0.000,"This compound has a N-S or N-O group and may undergo hydrolysis at high or low pH.",""
,"95562485.0","7933","258_95562485.0.1","2025-11-13 15:23:04","2025-11-13 15:23:04",,,,,,,"",,"","/home/db/Documentos/David_Hito2/Glide/docking_results/SP/1E9Z-glide-grid_995","docking_pv.maegz",385,"",,,"",,,,,,,,,,,,,,,,,,,,,,,"",,258,62100,false,0,2,51139,"W09IXVtOSF1DKD1PKVtDSDJdT2MxW2NIXVtjSF1jKFtOK10oPU8pW08tXSlbY0hdW2NIXTE=","J2VwaWtfcHl0aG9uJywgJy1waHQnLCAnMC4wJywgJy1waCcsICc3LjAnLCAnLXRuJywgJzgnLCAnLW1hJywgJzIwMCcsICctaW1hZScsICc8aW5maWxlLm1hZT4nLCAnLW9tYWUnLCAnPG91dGZpbGUubWFlPic=",1.000,0.0172,0.0000,0.0172,0.0000,0.000,0,2,0,"OPLS3e",13.382,true,"95562485.0-1","glide-grid_995",253,6,-2.434,-0.162,-0.400,-0.657,-2.434,-1.659,0.000,0.000,-1.585,-3.269,-2.787,1.480,-0.089,0.291,-6.056,11.314,13,138,0.000,"This compound has a N-S or N-O group and may undergo hydrolysis at high or low pH.",""
,"71727110.0","7934","84_71727110.0.1","2025-11-13 15:23:04","2025-11-13 15:23:04",,,,,,,"",,"","/home/db/Documentos/David_Hito2/Glide/docking_results/SP/1E9Z-glide-grid_995","docking_pv.maegz",386,"",,,"",,,,,,,,,,,,,,,,,,,,,,,"",,84,30500,true,0,2,51139,"W0NIM11OKFtPSF0pQyg9TylbQ0gyXVtDQEBIXShbT0hdKWMxW2NIXWMoQ2wpW2NIXVtjSF1jMVtPSF0=","J2VwaWtfcHl0aG9uJywgJy1waHQnLCAnMC4wJywgJy1waCcsICc3LjAnLCAnLXRuJywgJzgnLCAnLW1hJywgJzIwMCcsICctaW1hZScsICc8aW5maWxlLm1hZT4nLCAnLW9tYWUnLCAnPG91dGZpbGUubWFlPic=",1.000,0.0103,0.0000,0.0103,0.0000,0.000,0,0,0,"OPLS3e",12.777,true,"71727110.0-1","glide-grid_995",84,7,-2.422,-0.151,-0.382,-0.642,-2.422,-1.583,-0.249,0.000,-0.197,6.921,-12.188,1.154,-0.066,-2.986,-5.267,4.725,9,300,0.000,"This compound has a N-S or N-O group and may undergo hydrolysis at high or low pH.",""
,"145956736.0","7935","299_145956736.0.1","2025-11-13 15:23:04","2025-11-13 15:23:04",,,,,,,"",,"","/home/db/Documentos/David_Hito2/Glide/docking_results/SP/1E9Z-glide-grid_995","docking_pv.maegz",387,"",,,"",,,,,,,,,,,,,,,,,,,,,,,"",,299,21810,false,0,2,51139,"W0NIM11PYzFbY0hdW2NIXVtjSF1jKFtjSF0xKVtOSF1bQ0gyXUMoPU8pW05IXVtPSF0=","J2VwaWtfcHl0aG9uJywgJy1waHQnLCAnMC4wJywgJy1waCcsICc3LjAnLCAnLXRuJywgJzgnLCAnLW1hJywgJzIwMCcsICctaW1hZScsICc8aW5maWxlLm1hZT4nLCAnLW9tYWUnLCAnPG91dGZpbGUubWFlPic=",1.000,0.0037,0.0000,0.0037,0.0000,0.000,0,0,0,"OPLS3e",21.149,true,"145956736.0-1","glide-grid_995",294,6,-2.421,-0.173,-0.417,-0.665,-2.421,-1.375,-0.015,0.000,-1.752,-0.580,-5.983,1.686,-0.039,-2.323,-6.562,10.471,8,326,0.000,"This compound has a N-S or N-O group and may undergo hydrolysis at high or low pH.",""
,"59336415.0","7936","251_59336415.0.1","2025-11-13 15:23:04","2025-11-13 15:23:04",,,,,,,"",,"","/home/db/Documentos/David_Hito2/Glide/docking_results/SP/1E9Z-glide-grid_995","docking_pv.maegz",388,"",,,"",,,,,,,,,,,,,,,,,,,,,,,"",,251,57100,false,0,2,51139,"W0NIM11jMVtjSF1bY0hdYyhbY0hdW2NIXTEpT1tDSDJdQyg9TylbTkhdW09IXQ==","J2VwaWtfcHl0aG9uJywgJy1waHQnLCAnMC4wJywgJy1waCcsICc3LjAnLCAnLXRuJywgJzgnLCAnLW1hJywgJzIwMCcsICctaW1hZScsICc8aW5maWxlLm1hZT4nLCAnLW9tYWUnLCAnPG91dGZpbGUubWFlPic=",1.000,0.0172,0.0000,0.0172,0.0000,0.000,0,0,0,"OPLS3e",10.143,true,"59336415.0-1","glide-grid_995",246,5,-2.414,-0.186,-0.437,-0.677,-2.414,-1.770,0.000,0.000,-1.682,-0.410,-5.222,1.924,-0.083,-0.367,-5.632,11.266,10,70,0.000,"This compound has a N-S or N-O group and may undergo hydrolysis at high or low pH.",""
,"15125023.0","7937","257_15125023.0.1","2025-11-13 15:23:04","2025-11-13 15:23:04",,,,,,,"",,"","/home/db/Documentos/David_Hito2/Glide/docking_results/SP/1E9Z-glide-grid_995","docking_pv.maegz",389,"",,,"",,,,,,,,,,,,,,,,,,,,,,,"",,257,49500,false,0,2,51139,"W0NIM11PYzFbY0hdW2NIXWMoW2NIXVtjSF0xKU9bQ0gyXUMoPU8pW05IXVtPSF0=","J2VwaWtfcHl0aG9uJywgJy1waHQnLCAnMC4wJywgJy1waCcsICc3LjAnLCAnLXRuJywgJzgnLCAnLW1hJywgJzIwMCcsICctaW1hZScsICc8aW5maWxlLm1hZT4nLCAnLW9tYWUnLCAnPG91dGZpbGUubWFlPic=",1.000,0.0172,0.0000,0.0172,0.0000,0.000,0,0,0,"OPLS3e",16.768,true,"15125023.0-1","glide-grid_995",252,6,-2.411,-0.172,-0.415,-0.663,-2.411,-1.813,-0.275,0.000,-1.065,-1.606,-5.672,1.672,0.000,-2.461,-7.278,8.773,59,343,0.000,"This compound has a N-S or N-O group and may undergo hydrolysis at high or low pH.",""
,"145983251.0","7938","229_145983251.0.1","2025-11-13 15:23:04","2025-11-13 15:23:04",,,,,,,"",,"","/home/db/Documentos/David_Hito2/Glide/docking_results/SP/1E9Z-glide-grid_995","docking_pv.maegz",390,"",,,"",,,,,,,,,,,,,,,,,,,,,,,"",,229,1380,false,0,2,51139,"W0NIM11jMVtjSF1bY0hdYyhbY0hdW2NIXTEpT1tDSDJdW0NIMl1DKD1PKVtOSF1bT0hd","J2VwaWtfcHl0aG9uJywgJy1waHQnLCAnMC4wJywgJy1waCcsICc3LjAnLCAnLXRuJywgJzgnLCAnLW1hJywgJzIwMCcsICctaW1hZScsICc8aW5maWxlLm1hZT4nLCAnLW9tYWUnLCAnPG91dGZpbGUubWFlPic=",1.000,0.0067,0.0000,0.0067,0.0000,0.000,0,0,0,"OPLS3e",7.747,true,"145983251.0-1","glide-grid_995",224,6,-2.387,-0.170,-0.411,-0.656,-2.387,-1.959,-0.048,0.000,-1.602,-5.776,-3.604,2.126,-0.074,-3.729,-9.380,11.806,29,266,0.000,"This compound has a N-S or N-O group and may undergo hydrolysis at high or low pH.",""
,"145974309.0","7939","269_145974309.0.1","2025-11-13 15:23:04","2025-11-13 15:23:04",,,,,,,"",,"","/home/db/Documentos/David_Hito2/Glide/docking_results/SP/1E9Z-glide-grid_995","docking_pv.maegz",391,"",,,"",,,,,,,,,,,,,,,,,,,,,,,"",,269,2120,false,0,2,51139,"W0NIM11jMVtjSF1jKFtDSDNdKVtjSF1jKFtjSF0xKVtOSF1bQ0gyXUMoPU8pW05IXVtPSF0=","J2VwaWtfcHl0aG9uJywgJy1waHQnLCAnMC4wJywgJy1waCcsICc3LjAnLCAnLXRuJywgJzgnLCAnLW1hJywgJzIwMCcsICctaW1hZScsICc8aW5maWxlLm1hZT4nLCAnLW9tYWUnLCAnPG91dGZpbGUubWFlPic=",1.000,0.0039,0.0000,0.0039,0.0000,0.000,0,0,0,"OPLS3e",13.275,true,"145974309.0-1","glide-grid_995",264,5,-2.377,-0.170,-0.409,-0.653,-2.377,-2.202,-0.160,0.000,-0.835,1.323,-5.627,1.715,-0.118,-0.825,-4.304,6.136,3,287,0.000,"This compound has a N-S or N-O group and may undergo hydrolysis at high or low pH.",""
,"145959103.0","7940","276_145959103.0.1","2025-11-13 15:23:04","2025-11-13 15:23:04",,,,,,,"",,"","/home/db/Documentos/David_Hito2/Glide/docking_results/SP/1E9Z-glide-grid_995","docking_pv.maegz",392,"",,,"",,,,,,,,,,,,,,,,,,,,,,,"",,276,1220,false,0,2,51139,"W09IXVtOSF1DKD1PKVtDSDJdW0NIMl1bTkhdYzFbY0hdW2NIXVtjSF1bY0hdW2NIXTE=","J2VwaWtfcHl0aG9uJywgJy1waHQnLCAnMC4wJywgJy1waCcsICc3LjAnLCAnLXRuJywgJzgnLCAnLW1hJywgJzIwMCcsICctaW1hZScsICc8aW5maWxlLm1hZT4nLCAnLW9tYWUnLCAnPG91dGZpbGUubWFlPic=",1.000,0.0040,0.0000,0.0040,0.0000,0.000,0,0,0,"OPLS3e",11.878,true,"145959103.0-1","glide-grid_995",271,6,-2.365,-0.182,-0.428,-0.663,-2.365,-1.656,0.000,0.000,-1.342,-8.814,-4.905,1.941,-0.131,-7.220,-13.719,16.449,43,55,0.000,"This compound has a N-S or N-O group and may undergo hydrolysis at high or low pH.",""
,"15125023.0","7941","257_15125023.0.1","2025-11-13 15:23:04","2025-11-13 15:23:04",,,,,,,"",,"","/home/db/Documentos/David_Hito2/Glide/docking_results/SP/1E9Z-glide-grid_995","docking_pv.maegz",393,"",,,"",,,,,,,,,,,,,,,,,,,,,,,"",,257,49500,false,0,2,51139,"W0NIM11PYzFbY0hdW2NIXWMoW2NIXVtjSF0xKU9bQ0gyXUMoPU8pW05IXVtPSF0=","J2VwaWtfcHl0aG9uJywgJy1waHQnLCAnMC4wJywgJy1waCcsICc3LjAnLCAnLXRuJywgJzgnLCAnLW1hJywgJzIwMCcsICctaW1hZScsICc8aW5maWxlLm1hZT4nLCAnLW9tYWUnLCAnPG91dGZpbGUubWFlPic=",1.000,0.0172,0.0000,0.0172,0.0000,0.000,0,0,0,"OPLS3e",16.768,true,"15125023.0-1","glide-grid_995",252,6,-2.346,-0.168,-0.404,-0.645,-2.346,-1.881,-0.304,0.000,-0.184,-10.470,-7.434,1.672,-0.011,-8.113,-17.904,13.558,9,310,0.000,"This compound has a N-S or N-O group and may undergo hydrolysis at high or low pH.",""
,"130005353.0","7942","273_130005353.0.1","2025-11-13 15:23:04","2025-11-13 15:23:04",,,,,,,"",,"","/home/db/Documentos/David_Hito2/Glide/docking_results/SP/1E9Z-glide-grid_995","docking_pv.maegz",394,"",,,"",,,,,,,,,,,,,,,,,,,,,,,"",,273,1150,false,0,2,51139,"W09IXVtOSF1DKD1PKVtDSDJdW05IXWMxW2NIXVtjSF1bY0hdYyhDbClbY0hdMQ==","J2VwaWtfcHl0aG9uJywgJy1waHQnLCAnMC4wJywgJy1waCcsICc3LjAnLCAnLXRuJywgJzgnLCAnLW1hJywgJzIwMCcsICctaW1hZScsICc8aW5maWxlLm1hZT4nLCAnLW9tYWUnLCAnPG91dGZpbGUubWFlPic=",1.000,0.0036,0.0000,0.0036,0.0000,0.000,0,0,0,"OPLS3e",17.625,true,"130005353.0-1","glide-grid_995",268,5,-2.339,-0.180,-0.423,-0.656,-2.339,-1.188,0.000,0.000,-2.015,-1.789,-1.764,1.219,0.000,-1.941,-3.554,5.938,10,232,0.000,"This compound has a N-S or N-O group and may undergo hydrolysis at high or low pH.",""
,"145956007.0","7943","293_145956007.0.1","2025-11-13 15:23:04","2025-11-13 15:23:04",,,,,,,"",,"","/home/db/Documentos/David_Hito2/Glide/docking_results/SP/1E9Z-glide-grid_995","docking_pv.maegz",395,"",,,"",,,,,,,,,,,,,,,,,,,,,,,"",,293,1520,false,0,2,51139,"W09IXVtOSF1DKD1PKVtDSDJdW0NIMl1bTkhdYzFbY0hdYyhGKVtjSF1jKEYpW2NIXTE=","J2VwaWtfcHl0aG9uJywgJy1waHQnLCAnMC4wJywgJy1waCcsICc3LjAnLCAnLXRuJywgJzgnLCAnLW1hJywgJzIwMCcsICctaW1hZScsICc8aW5maWxlLm1hZT4nLCAnLW9tYWUnLCAnPG91dGZpbGUubWFlPic=",1.000,0.0035,0.0000,0.0035,0.0000,0.000,0,0,0,"OPLS3e",13.259,true,"145956007.0-1","glide-grid_995",288,6,-2.335,-0.156,-0.384,-0.630,-2.335,-1.550,0.000,0.000,-1.385,1.298,-4.877,1.434,-0.167,3.447,-3.579,11.813,1,251,0.000,"This compound has a N-S or N-O group and may undergo hydrolysis at high or low pH.",""
,"145971740.0","7944","285_145971740.0.1","2025-11-13 15:23:04","2025-11-13 15:23:04",,,,,,,"",,"","/home/db/Documentos/David_Hito2/Glide/docking_results/SP/1E9Z-glide-grid_995","docking_pv.maegz",396,"",,,"",,,,,,,,,,,,,,,,,,,,,,,"",,285,19805,false,0,2,51139,"W09IXVtOSF1DKD1PKVtDSDJdW0NIMl1bTkhdYzFbY0hdW2NIXWMoQ2wpYyhDbClbY0hdMQ==","J2VwaWtfcHl0aG9uJywgJy1waHQnLCAnMC4wJywgJy1waCcsICc3LjAnLCAnLXRuJywgJzgnLCAnLW1hJywgJzIwMCcsICctaW1hZScsICc8aW5maWxlLm1hZT4nLCAnLW9tYWUnLCAnPG91dGZpbGUubWFlPic=",1.000,0.0035,0.0000,0.0035,0.0000,0.000,0,0,0,"OPLS3e",12.500,true,"145971740.0-1","glide-grid_995",280,6,-2.332,-0.155,-0.383,-0.629,-2.332,-2.063,-0.040,0.000,-0.580,-1.718,-3.362,1.127,-0.186,3.103,-5.079,14.985,17,388,0.000,"This compound has a N-S or N-O group and may undergo hydrolysis at high or low pH.",""
,"145956736.0","7945","299_145956736.0.1","2025-11-13 15:23:04","2025-11-13 15:23:04",,,,,,,"",,"","/home/db/Documentos/David_Hito2/Glide/docking_results/SP/1E9Z-glide-grid_995","docking_pv.maegz",397,"",,,"",,,,,,,,,,,,,,,,,,,,,,,"",,299,21810,false,0,2,51139,"W0NIM11PYzFbY0hdW2NIXVtjSF1jKFtjSF0xKVtOSF1bQ0gyXUMoPU8pW05IXVtPSF0=","J2VwaWtfcHl0aG9uJywgJy1waHQnLCAnMC4wJywgJy1waCcsICc3LjAnLCAnLXRuJywgJzgnLCAnLW1hJywgJzIwMCcsICctaW1hZScsICc8aW5maWxlLm1hZT4nLCAnLW9tYWUnLCAnPG91dGZpbGUubWFlPic=",1.000,0.0037,0.0000,0.0037,0.0000,0.000,0,0,0,"OPLS3e",21.149,true,"145956736.0-1","glide-grid_995",294,6,-2.324,-0.166,-0.400,-0.639,-2.324,-1.834,-0.320,0.000,-1.032,-13.257,-0.918,1.686,-0.023,-7.171,-14.175,11.734,25,85,0.000,"This compound has a N-S or N-O group and may undergo hydrolysis at high or low pH.",""
,"130842494.0","7946","259_130842494.0.1","2025-11-13 15:23:04","2025-11-13 15:23:04",,,,,,,"",,"","/home/db/Documentos/David_Hito2/Glide/docking_results/SP/1E9Z-glide-grid_995","docking_pv.maegz",398,"",,,"",,,,,,,,,,,,,,,,,,,,,,,"",,259,85100,false,0,2,51139,"W0NIM11jMVtjSF1bY0hdW2NIXWMoW2NIXTEpT1tDSDJdQyg9TylbTkhdW09IXQ==","J2VwaWtfcHl0aG9uJywgJy1waHQnLCAnMC4wJywgJy1waCcsICc3LjAnLCAnLXRuJywgJzgnLCAnLW1hJywgJzIwMCcsICctaW1hZScsICc8aW5maWxlLm1hZT4nLCAnLW9tYWUnLCAnPG91dGZpbGUubWFlPic=",1.000,0.0172,0.0000,0.0172,0.0000,0.000,0,0,0,"OPLS3e",15.739,true,"130842494.0-1","glide-grid_995",254,5,-2.323,-0.179,-0.420,-0.652,-2.323,-1.953,-0.165,0.000,-1.478,-3.254,-3.205,1.924,-0.007,-1.858,-6.459,8.253,25,169,0.000,"This compound has a N-S or N-O group and may undergo hydrolysis at high or low pH.",""
,"145983251.0","7947","229_145983251.0.1","2025-11-13 15:23:04","2025-11-13 15:23:04",,,,,,,"",,"","/home/db/Documentos/David_Hito2/Glide/docking_results/SP/1E9Z-glide-grid_995","docking_pv.maegz",399,"",,,"",,,,,,,,,,,,,,,,,,,,,,,"",,229,1380,false,0,2,51139,"W0NIM11jMVtjSF1bY0hdYyhbY0hdW2NIXTEpT1tDSDJdW0NIMl1DKD1PKVtOSF1bT0hd","J2VwaWtfcHl0aG9uJywgJy1waHQnLCAnMC4wJywgJy1waCcsICc3LjAnLCAnLXRuJywgJzgnLCAnLW1hJywgJzIwMCcsICctaW1hZScsICc8aW5maWxlLm1hZT4nLCAnLW9tYWUnLCAnPG91dGZpbGUubWFlPic=",1.000,0.0067,0.0000,0.0067,0.0000,0.000,0,0,0,"OPLS3e",7.747,true,"145983251.0-1","glide-grid_995",224,6,-2.323,-0.166,-0.400,-0.638,-2.323,-2.114,0.000,0.000,-1.682,4.344,-4.529,2.126,-0.190,5.270,-0.186,11.784,24,4,0.000,"This compound has a N-S or N-O group and may undergo hydrolysis at high or low pH.",""
,"15125023.0","7948","257_15125023.0.1","2025-11-13 15:23:04","2025-11-13 15:23:04",,,,,,,"",,"","/home/db/Documentos/David_Hito2/Glide/docking_results/SP/1E9Z-glide-grid_995","docking_pv.maegz",400,"",,,"",,,,,,,,,,,,,,,,,,,,,,,"",,257,49500,false,0,2,51139,"W0NIM11PYzFbY0hdW2NIXWMoW2NIXVtjSF0xKU9bQ0gyXUMoPU8pW05IXVtPSF0=","J2VwaWtfcHl0aG9uJywgJy1waHQnLCAnMC4wJywgJy1waCcsICc3LjAnLCAnLXRuJywgJzgnLCAnLW1hJywgJzIwMCcsICctaW1hZScsICc8aW5maWxlLm1hZT4nLCAnLW9tYWUnLCAnPG91dGZpbGUubWFlPic=",1.000,0.0172,0.0000,0.0172,0.0000,0.000,0,0,0,"OPLS3e",16.768,true,"15125023.0-1","glide-grid_995",252,6,-2.317,-0.166,-0.399,-0.637,-2.317,-1.950,-0.101,0.000,-0.803,1.655,-8.042,1.672,-0.012,-0.566,-6.387,9.097,35,160,0.000,"This compound has a N-S or N-O group and may undergo hydrolysis at high or low pH.",""
,"22716931.0","7949","296_22716931.0.1","2025-11-13 15:23:04","2025-11-13 15:23:04",,,,,,,"",,"","/home/db/Documentos/David_Hito2/Glide/docking_results/SP/1E9Z-glide-grid_995","docking_pv.maegz",401,"",,,"",,,,,,,,,,,,,,,,,,,,,,,"",,296,4670,false,0,2,51139,"W09IXVtOSF1DKD1PKVtDSDJdW05IXWMxW2NIXVtjSF1bY0hdW2NIXVtjSF0x","J2VwaWtfcHl0aG9uJywgJy1waHQnLCAnMC4wJywgJy1waCcsICc3LjAnLCAnLXRuJywgJzgnLCAnLW1hJywgJzIwMCcsICctaW1hZScsICc8aW5maWxlLm1hZT4nLCAnLW9tYWUnLCAnPG91dGZpbGUubWFlPic=",1.000,0.0037,0.0000,0.0037,0.0000,0.000,0,0,0,"OPLS3e",16.715,true,"22716931.0-1","glide-grid_995",291,5,-2.316,-0.193,-0.442,-0.665,-2.316,-1.399,-0.027,0.000,-1.847,6.302,-6.454,1.662,-0.051,4.578,-0.152,14.001,9,188,0.000,"This compound has a N-S or N-O group and may undergo hydrolysis at high or low pH.",""
,"155514177.0","7950","82_155514177.0.1","2025-11-13 15:23:04","2025-11-13 15:23:04",,,,,,,"",,"","/home/db/Documentos/David_Hito2/Glide/docking_results/SP/1E9Z-glide-grid_995","docking_pv.maegz",402,"",,,"",,,,,,,,,,,,,,,,,,,,,,,"",,82,77200,true,0,2,51139,"W0NIM11OKFtPSF0pQyg9TylbQ0gyXVtDQEBIXShbT0hdKWMxW2NIXVtjSF1jKEYpW2NIXVtjSF0x","J2VwaWtfcHl0aG9uJywgJy1waHQnLCAnMC4wJywgJy1waCcsICc3LjAnLCAnLXRuJywgJzgnLCAnLW1hJywgJzIwMCcsICctaW1hZScsICc8aW5maWxlLm1hZT4nLCAnLW9tYWUnLCAnPG91dGZpbGUubWFlPic=",1.000,0.0063,0.0000,0.0063,0.0000,0.000,0,0,0,"OPLS3e",13.118,true,"155514177.0-1","glide-grid_995",82,6,-2.312,-0.154,-0.380,-0.624,-2.312,-1.893,0.000,0.000,-0.503,-5.450,-4.379,1.101,-0.087,-2.698,-9.829,8.727,9,164,0.000,"This compound has a N-S or N-O group and may undergo hydrolysis at high or low pH.",""
,"CHEMBL462481","7951","134_CHEMBL462481.1","2025-11-13 15:23:04","2025-11-13 15:23:04",,,,,,,"",,"","/home/db/Documentos/David_Hito2/Glide/docking_results/SP/1E9Z-glide-grid_995","docking_pv.maegz",403,"",,,"",,,,,,,,,,,,,,,,,,,,,,,"",,134,790,false,0,2,51139,"W05IMl1bQ0gyXUMoPU8pW05IXVtDSDJdQyg9TylbTkhdW09IXQ==","J2VwaWtfcHl0aG9uJywgJy1waHQnLCAnMC4wJywgJy1waCcsICc3LjAnLCAnLXRuJywgJzgnLCAnLW1hJywgJzIwMCcsICctaW1hZScsICc8aW5maWxlLm1hZT4nLCAnLW9tYWUnLCAnPG91dGZpbGUubWFlPic=",,0.1406,0.1296,0.0110,0.1190,0.249,1,1,0,"OPLS3e",7.521,true,"CHEMBL462481-1","glide-grid_995",134,6,-2.299,-0.230,-0.495,-0.696,-2.418,-0.453,-0.320,0.000,-2.240,-15.224,-8.593,2.666,-0.021,-26.150,-23.817,6.550,6,260,0.119,"This compound has a N-S or N-O group and may undergo hydrolysis at high or low pH.",""
,"145983865.0","7952","230_145983865.0.1","2025-11-13 15:23:04","2025-11-13 15:23:04",,,,,,,"",,"","/home/db/Documentos/David_Hito2/Glide/docking_results/SP/1E9Z-glide-grid_995","docking_pv.maegz",404,"",,,"",,,,,,,,,,,,,,,,,,,,,,,"",,230,144300,false,0,2,51139,"W09IXVtOSF1DKD1PKVtDSDJdT2MxW2NIXVtjSF1bY0hdW2NIXWMxW04rXSg9TylbTy1d","J2VwaWtfcHl0aG9uJywgJy1waHQnLCAnMC4wJywgJy1waCcsICc3LjAnLCAnLXRuJywgJzgnLCAnLW1hJywgJzIwMCcsICctaW1hZScsICc8aW5maWxlLm1hZT4nLCAnLW9tYWUnLCAnPG91dGZpbGUubWFlPic=",1.000,0.0172,0.0000,0.0172,0.0000,0.000,0,2,0,"OPLS3e",16.196,true,"145983865.0-1","glide-grid_995",225,6,-2.287,-0.152,-0.376,-0.617,-2.287,-1.731,0.000,0.000,-1.775,-1.339,-0.891,1.480,-0.059,0.154,-2.230,5.165,35,196,0.000,"This compound has a N-S or N-O group and may undergo hydrolysis at high or low pH.",""
,"155562391.0","7953","88_155562391.0.1","2025-11-13 15:23:04","2025-11-13 15:23:04",,,,,,,"",,"","/home/db/Documentos/David_Hito2/Glide/docking_results/SP/1E9Z-glide-grid_995","docking_pv.maegz",405,"",,,"",,,,,,,,,,,,,,,,,,,,,,,"",,88,71200,true,0,2,51139,"W0NIM11OKFtPSF0pQyg9TylbQ0gyXVtDQEBIXShbT0hdKWMxW2NIXVtjSF1bY0hdYyhGKVtjSF0x","J2VwaWtfcHl0aG9uJywgJy1waHQnLCAnMC4wJywgJy1waCcsICc3LjAnLCAnLXRuJywgJzgnLCAnLW1hJywgJzIwMCcsICctaW1hZScsICc8aW5maWxlLm1hZT4nLCAnLW9tYWUnLCAnPG91dGZpbGUubWFlPic=",1.000,0.0063,0.0000,0.0063,0.0000,0.000,0,0,0,"OPLS3e",15.144,true,"155562391.0-1","glide-grid_995",88,6,-2.284,-0.152,-0.375,-0.616,-2.284,-1.746,-0.262,0.000,-0.495,-5.975,-3.335,1.101,-0.083,-2.532,-9.311,6.438,9,325,0.000,"This compound has a N-S or N-O group and may undergo hydrolysis at high or low pH.",""
,"11183280.0","7954","245_11183280.0.1","2025-11-13 15:23:04","2025-11-13 15:23:04",,,,,,,"",,"","/home/db/Documentos/David_Hito2/Glide/docking_results/SP/1E9Z-glide-grid_995","docking_pv.maegz",406,"",,,"",,,,,,,,,,,,,,,,,,,,,,,"",,245,1260,false,0,2,51139,"W09IXVtOSF1DKD1PKVtDSDJdT2MxW2NIXVtjSF1jKENsKVtjSF1bY0hdMQ==","J2VwaWtfcHl0aG9uJywgJy1waHQnLCAnMC4wJywgJy1waCcsICc3LjAnLCAnLXRuJywgJzgnLCAnLW1hJywgJzIwMCcsICctaW1hZScsICc8aW5maWxlLm1hZT4nLCAnLW9tYWUnLCAnPG91dGZpbGUubWFlPic=",1.000,0.0172,0.0000,0.0172,0.0000,0.000,0,0,0,"OPLS3e",11.009,true,"11183280.0-1","glide-grid_995",240,5,-2.283,-0.176,-0.413,-0.640,-2.283,-1.911,0.000,0.000,-1.271,1.092,-1.849,1.209,-0.087,4.946,-0.757,9.788,11,223,0.000,"This compound has a N-S or N-O group and may undergo hydrolysis at high or low pH.",""
,"155557124.0","7955","91_155557124.0.1","2025-11-13 15:23:04","2025-11-13 15:23:04",,,,,,,"",,"","/home/db/Documentos/David_Hito2/Glide/docking_results/SP/1E9Z-glide-grid_995","docking_pv.maegz",407,"",,,"",,,,,,,,,,,,,,,,,,,,,,,"",,91,56600,true,0,2,51139,"W0NIM11OKFtPSF0pQyg9TylbQ0gyXVtDQEBIXShbT0hdKWMxW2NIXVtjSF1bY0hdW2NIXWMxQ2w=","J2VwaWtfcHl0aG9uJywgJy1waHQnLCAnMC4wJywgJy1waCcsICc3LjAnLCAnLXRuJywgJzgnLCAnLW1hJywgJzIwMCcsICctaW1hZScsICc8aW5maWxlLm1hZT4nLCAnLW9tYWUnLCAnPG91dGZpbGUubWFlPic=",1.000,0.0063,0.0000,0.0063,0.0000,0.000,0,0,0,"OPLS3e",14.095,true,"155557124.0-1","glide-grid_995",91,6,-2.259,-0.151,-0.371,-0.609,-2.259,-1.818,0.000,0.000,-0.440,-5.638,-4.207,0.971,-0.058,6.651,-9.845,29.343,10,240,0.000,"This compound has a N-S or N-O group and may undergo hydrolysis at high or low pH.",""
,"145960261.0","7956","266_145960261.0.1","2025-11-13 15:23:04","2025-11-13 15:23:04",,,,,,,"",,"","/home/db/Documentos/David_Hito2/Glide/docking_results/SP/1E9Z-glide-grid_995","docking_pv.maegz",408,"",,,"",,,,,,,,,,,,,,,,,,,,,,,"",,266,2280,false,0,2,51139,"W0NIM11PYzFbY0hdYyhbY0hdYyhbY0hdMSlPW0NIM10pW05IXVtDSDJdQyg9TylbTkhdW09IXQ==","J2VwaWtfcHl0aG9uJywgJy1waHQnLCAnMC4wJywgJy1waCcsICc3LjAnLCAnLXRuJywgJzgnLCAnLW1hJywgJzIwMCcsICctaW1hZScsICc8aW5maWxlLm1hZT4nLCAnLW9tYWUnLCAnPG91dGZpbGUubWFlPic=",1.000,0.0037,0.0000,0.0037,0.0000,0.000,0,0,0,"OPLS3e",22.721,true,"145960261.0-1","glide-grid_995",261,7,-2.242,-0.140,-0.353,-0.594,-2.242,-1.857,-0.152,0.000,-0.060,-6.850,-7.171,1.328,-0.083,-6.893,-14.021,5.620,3,272,0.000,"This compound has a N-S or N-O group and may undergo hydrolysis at high or low pH.",""
,"307149.0","7957","74_307149.0.1","2025-11-13 15:23:04","2025-11-13 15:23:04",,,,,,,"",,"","/home/db/Documentos/David_Hito2/Glide/docking_results/SP/1E9Z-glide-grid_995","docking_pv.maegz",409,"",,,"",,,,,,,,,,,,,,,,,,,,,,,"",,74,77900,false,0,2,51139,"W0NIM11OKFtDSDNdKWMxW2NIXVtjSF1jKFtjSF1bY0hdMSlDKD1PKVtOSF1bT0hd","J2VwaWtfcHl0aG9uJywgJy1waHQnLCAnMC4wJywgJy1waCcsICc3LjAnLCAnLXRuJywgJzgnLCAnLW1hJywgJzIwMCcsICctaW1hZScsICc8aW5maWxlLm1hZT4nLCAnLW9tYWUnLCAnPG91dGZpbGUubWFlPic=",1.000,0.0112,0.0000,0.0112,0.0000,0.000,0,0,0,"OPLS3e",26.423,true,"307149.0-1","glide-grid_995",74,4,-2.216,-0.170,-0.401,-0.621,-2.216,-1.537,0.000,0.000,-1.101,1.136,-3.691,0.970,-0.051,7.068,-2.555,14.756,3,105,0.000,"This compound has a N-S or N-O group and may undergo hydrolysis at high or low pH.",""
,"130677882.0","7958","240_130677882.0.1","2025-11-13 15:23:04","2025-11-13 15:23:04",,,,,,,"",,"","/home/db/Documentos/David_Hito2/Glide/docking_results/SP/1E9Z-glide-grid_995","docking_pv.maegz",410,"",,,"",,,,,,,,,,,,,,,,,,,,,,,"",,240,153600,false,0,2,51139,"W0NIM11jMVtjSF1bY0hdW2NIXVtjSF1jMU9bQ0gyXUMoPU8pW05IXVtPSF0=","J2VwaWtfcHl0aG9uJywgJy1waHQnLCAnMC4wJywgJy1waCcsICc3LjAnLCAnLXRuJywgJzgnLCAnLW1hJywgJzIwMCcsICctaW1hZScsICc8aW5maWxlLm1hZT4nLCAnLW9tYWUnLCAnPG91dGZpbGUubWFlPic=",1.000,0.0172,0.0000,0.0172,0.0000,0.000,0,0,0,"OPLS3e",11.281,true,"130677882.0-1","glide-grid_995",235,5,-2.210,-0.170,-0.400,-0.620,-2.210,-1.287,0.000,0.000,-2.173,3.184,-5.552,1.924,0.000,0.246,-2.368,7.581,12,222,0.000,"This compound has a N-S or N-O group and may undergo hydrolysis at high or low pH.",""
,"145984684.0","7959","233_145984684.0.1","2025-11-13 15:23:04","2025-11-13 15:23:04",,,,,,,"",,"","/home/db/Documentos/David_Hito2/Glide/docking_results/SP/1E9Z-glide-grid_995","docking_pv.maegz",411,"",,,"",,,,,,,,,,,,,,,,,,,,,,,"",,233,10400,false,0,2,51139,"W0NIM11jMVtjSF1jKFtDSDNdKVtjSF1jKFtjSF0xKU9bQ0gyXVtDSDJdQyg9TylbTkhdW09IXQ==","J2VwaWtfcHl0aG9uJywgJy1waHQnLCAnMC4wJywgJy1waCcsICc3LjAnLCAnLXRuJywgJzgnLCAnLW1hJywgJzIwMCcsICctaW1hZScsICc8aW5maWxlLm1hZT4nLCAnLW9tYWUnLCAnPG91dGZpbGUubWFlPic=",1.000,0.0068,0.0000,0.0068,0.0000,0.000,0,0,0,"OPLS3e",8.916,true,"145984684.0-1","glide-grid_995",228,6,-2.204,-0.147,-0.362,-0.594,-2.204,-2.146,-0.148,0.000,-0.141,3.076,-11.413,1.893,-0.103,-1.228,-8.337,12.589,136,214,0.000,"This compound has a N-S or N-O group and may undergo hydrolysis at high or low pH.",""
,"130842494.0","7960","259_130842494.0.1","2025-11-13 15:23:04","2025-11-13 15:23:04",,,,,,,"",,"","/home/db/Documentos/David_Hito2/Glide/docking_results/SP/1E9Z-glide-grid_995","docking_pv.maegz",412,"",,,"",,,,,,,,,,,,,,,,,,,,,,,"",,259,85100,false,0,2,51139,"W0NIM11jMVtjSF1bY0hdW2NIXWMoW2NIXTEpT1tDSDJdQyg9TylbTkhdW09IXQ==","J2VwaWtfcHl0aG9uJywgJy1waHQnLCAnMC4wJywgJy1waCcsICc3LjAnLCAnLXRuJywgJzgnLCAnLW1hJywgJzIwMCcsICctaW1hZScsICc8aW5maWxlLm1hZT4nLCAnLW9tYWUnLCAnPG91dGZpbGUubWFlPic=",1.000,0.0172,0.0000,0.0172,0.0000,0.000,0,0,0,"OPLS3e",15.739,true,"130842494.0-1","glide-grid_995",254,5,-2.172,-0.167,-0.393,-0.609,-2.172,-2.004,-0.310,0.000,-1.034,-0.919,-4.560,1.924,-0.017,-2.322,-5.479,3.430,4,338,0.000,"This compound has a N-S or N-O group and may undergo hydrolysis at high or low pH.",""
,"145956007.0","7961","293_145956007.0.1","2025-11-13 15:23:04","2025-11-13 15:23:04",,,,,,,"",,"","/home/db/Documentos/David_Hito2/Glide/docking_results/SP/1E9Z-glide-grid_995","docking_pv.maegz",413,"",,,"",,,,,,,,,,,,,,,,,,,,,,,"",,293,1520,false,0,2,51139,"W09IXVtOSF1DKD1PKVtDSDJdW0NIMl1bTkhdYzFbY0hdYyhGKVtjSF1jKEYpW2NIXTE=","J2VwaWtfcHl0aG9uJywgJy1waHQnLCAnMC4wJywgJy1waCcsICc3LjAnLCAnLXRuJywgJzgnLCAnLW1hJywgJzIwMCcsICctaW1hZScsICc8aW5maWxlLm1hZT4nLCAnLW9tYWUnLCAnPG91dGZpbGUubWFlPic=",1.000,0.0035,0.0000,0.0035,0.0000,0.000,0,0,0,"OPLS3e",13.259,true,"145956007.0-1","glide-grid_995",288,6,-2.168,-0.145,-0.356,-0.585,-2.168,-1.698,0.000,0.000,-1.055,-1.416,-3.786,1.434,-0.210,4.782,-5.202,15.783,23,13,0.000,"This compound has a N-S or N-O group and may undergo hydrolysis at high or low pH.",""
,"145982530.0","7962","239_145982530.0.1","2025-11-13 15:23:04","2025-11-13 15:23:04",,,,,,,"",,"","/home/db/Documentos/David_Hito2/Glide/docking_results/SP/1E9Z-glide-grid_995","docking_pv.maegz",414,"",,,"",,,,,,,,,,,,,,,,,,,,,,,"",,239,41900,false,0,2,51139,"W0NIM11jMVtjSF1jKFtDSDNdKVtjSF1jKFtjSF0xKU9bQ0gyXUMoPU8pW05IXVtPSF0=","J2VwaWtfcHl0aG9uJywgJy1waHQnLCAnMC4wJywgJy1waCcsICc3LjAnLCAnLXRuJywgJzgnLCAnLW1hJywgJzIwMCcsICctaW1hZScsICc8aW5maWxlLm1hZT4nLCAnLW9tYWUnLCAnPG91dGZpbGUubWFlPic=",1.000,0.0172,0.0000,0.0172,0.0000,0.000,0,0,0,"OPLS3e",8.110,true,"145982530.0-1","glide-grid_995",234,5,-2.160,-0.154,-0.372,-0.593,-2.160,-2.261,-0.088,0.000,-0.440,6.640,-8.073,1.700,-0.192,7.466,-1.432,9.947,49,300,0.000,"This compound has a N-S or N-O group and may undergo hydrolysis at high or low pH.",""
,"145951194.0","7963","281_145951194.0.1","2025-11-13 15:23:04","2025-11-13 15:23:04",,,,,,,"",,"","/home/db/Documentos/David_Hito2/Glide/docking_results/SP/1E9Z-glide-grid_995","docking_pv.maegz",415,"",,,"",,,,,,,,,,,,,,,,,,,,,,,"",,281,79,false,0,2,51139,"W09IXVtOSF1DKD1PKVtDSDJdW0NIMl1bTkhdYzFbY0hdW2NIXWMoQ2wpW2NIXWMxQ2w=","J2VwaWtfcHl0aG9uJywgJy1waHQnLCAnMC4wJywgJy1waCcsICc3LjAnLCAnLXRuJywgJzgnLCAnLW1hJywgJzIwMCcsICctaW1hZScsICc8aW5maWxlLm1hZT4nLCAnLW9tYWUnLCAnPG91dGZpbGUubWFlPic=",1.000,0.0035,0.0000,0.0035,0.0000,0.000,0,0,0,"OPLS3e",14.501,true,"145951194.0-1","glide-grid_995",276,6,-2.151,-0.143,-0.354,-0.580,-2.151,-2.174,0.000,0.000,0.357,-3.198,-7.405,1.127,-0.190,-3.894,-10.603,6.709,33,85,0.000,"This compound has a N-S or N-O group and may undergo hydrolysis at high or low pH.",""
,"130841018.0","7964","254_130841018.0.1","2025-11-13 15:23:04","2025-11-13 15:23:04",,,,,,,"",,"","/home/db/Documentos/David_Hito2/Glide/docking_results/SP/1E9Z-glide-grid_995","docking_pv.maegz",416,"",,,"",,,,,,,,,,,,,,,,,,,,,,,"",,254,27000,false,0,2,51139,"W09IXVtOSF1DKD1PKVtDSDJdT2MxW2NIXVtjSF1bY0hdYyhGKVtjSF0x","J2VwaWtfcHl0aG9uJywgJy1waHQnLCAnMC4wJywgJy1waCcsICc3LjAnLCAnLXRuJywgJzgnLCAnLW1hJywgJzIwMCcsICctaW1hZScsICc8aW5maWxlLm1hZT4nLCAnLW9tYWUnLCAnPG91dGZpbGUubWFlPic=",1.000,0.0172,0.0000,0.0172,0.0000,0.000,0,0,0,"OPLS3e",16.525,true,"130841018.0-1","glide-grid_995",249,5,-2.141,-0.165,-0.387,-0.601,-2.141,-1.958,-0.320,0.000,-0.094,-9.111,-4.617,1.392,-0.012,-2.757,-13.728,13.992,6,345,0.000,"This compound has a N-S or N-O group and may undergo hydrolysis at high or low pH.",""
,"239786.0","7965","260_239786.0.1","2025-11-13 15:23:04","2025-11-13 15:23:04",,,,,,,"",,"","/home/db/Documentos/David_Hito2/Glide/docking_results/SP/1E9Z-glide-grid_995","docking_pv.maegz",417,"",,,"",,,,,,,,,,,,,,,,,,,,,,,"",,260,830,false,0,2,51139,"W09IXVtOSF1DKD1PKVtDSDJdT2MxW2NIXVtjSF1jKENsKVtjSF1jMUNs","J2VwaWtfcHl0aG9uJywgJy1waHQnLCAnMC4wJywgJy1waCcsICc3LjAnLCAnLXRuJywgJzgnLCAnLW1hJywgJzIwMCcsICctaW1hZScsICc8aW5maWxlLm1hZT4nLCAnLW9tYWUnLCAnPG91dGZpbGUubWFlPic=",1.000,0.0172,0.0000,0.0172,0.0000,0.000,0,0,0,"OPLS3e",11.420,true,"239786.0-1","glide-grid_995",255,5,-2.113,-0.151,-0.364,-0.581,-2.113,-2.178,-0.095,0.000,0.733,4.891,-10.956,0.927,-0.100,9.573,-6.065,18.710,13,118,0.000,"This compound has a N-S or N-O group and may undergo hydrolysis at high or low pH.",""
,"CHEMBL462481","7966","134_CHEMBL462481.1","2025-11-13 15:23:04","2025-11-13 15:23:04",,,,,,,"",,"","/home/db/Documentos/David_Hito2/Glide/docking_results/SP/1E9Z-glide-grid_995","docking_pv.maegz",418,"",,,"",,,,,,,,,,,,,,,,,,,,,,,"",,134,790,false,0,2,51139,"W05IMl1bQ0gyXUMoPU8pW05IXVtDSDJdQyg9TylbTkhdW09IXQ==","J2VwaWtfcHl0aG9uJywgJy1waHQnLCAnMC4wJywgJy1waCcsICc3LjAnLCAnLXRuJywgJzgnLCAnLW1hJywgJzIwMCcsICctaW1hZScsICc8aW5maWxlLm1hZT4nLCAnLW9tYWUnLCAnPG91dGZpbGUubWFlPic=",,0.1406,0.1296,0.0110,0.1190,0.249,1,1,0,"OPLS3e",7.521,true,"CHEMBL462481-1","glide-grid_995",134,6,-2.109,-0.211,-0.454,-0.638,-2.228,-0.347,0.000,0.000,-2.250,-7.467,-12.637,2.666,-0.028,-22.415,-20.104,5.760,4,217,0.119,"This compound has a N-S or N-O group and may undergo hydrolysis at high or low pH.",""
,"145984444.0","7967","256_145984444.0.1","2025-11-13 15:23:04","2025-11-13 15:23:04",,,,,,,"",,"","/home/db/Documentos/David_Hito2/Glide/docking_results/SP/1E9Z-glide-grid_995","docking_pv.maegz",419,"",,,"",,,,,,,,,,,,,,,,,,,,,,,"",,256,94700,false,0,2,51139,"W09IXVtOSF1DKD1PKVtDSDJdT2MxW2NIXVtjSF1bY0hdYyhbTitdKD1PKVtPLV0pW2NIXTE=","J2VwaWtfcHl0aG9uJywgJy1waHQnLCAnMC4wJywgJy1waCcsICc3LjAnLCAnLXRuJywgJzgnLCAnLW1hJywgJzIwMCcsICctaW1hZScsICc8aW5maWxlLm1hZT4nLCAnLW9tYWUnLCAnPG91dGZpbGUubWFlPic=",1.000,0.0172,0.0000,0.0172,0.0000,0.000,0,2,0,"OPLS3e",17.021,true,"145984444.0-1","glide-grid_995",251,6,-2.090,-0.139,-0.344,-0.564,-2.090,-1.754,0.000,0.000,-1.000,-6.628,-2.639,1.480,-0.088,-1.416,-9.268,11.919,49,281,0.000,"This compound has a N-S or N-O group and may undergo hydrolysis at high or low pH.",""
,"145984003.0","7968","246_145984003.0.1","2025-11-13 15:23:04","2025-11-13 15:23:04",,,,,,,"",,"","/home/db/Documentos/David_Hito2/Glide/docking_results/SP/1E9Z-glide-grid_995","docking_pv.maegz",420,"",,,"",,,,,,,,,,,,,,,,,,,,,,,"",,246,353200,false,0,2,51139,"W09IXVtOSF1DKD1PKVtDSDJdT2MxYyhDbClbY0hdW2NIXVtjSF1jMUNs","J2VwaWtfcHl0aG9uJywgJy1waHQnLCAnMC4wJywgJy1waCcsICc3LjAnLCAnLXRuJywgJzgnLCAnLW1hJywgJzIwMCcsICctaW1hZScsICc8aW5maWxlLm1hZT4nLCAnLW9tYWUnLCAnPG91dGZpbGUubWFlPic=",1.000,0.0172,0.0000,0.0172,0.0000,0.000,0,0,0,"OPLS3e",14.490,true,"145984003.0-1","glide-grid_995",241,5,-2.077,-0.148,-0.358,-0.571,-2.077,-1.784,-0.188,0.000,-0.363,3.953,-5.001,0.927,-0.116,4.037,-1.048,7.781,11,267,0.000,"This compound has a N-S or N-O group and may undergo hydrolysis at high or low pH.",""
,"155557124.0","7969","91_155557124.0.1","2025-11-13 15:23:04","2025-11-13 15:23:04",,,,,,,"",,"","/home/db/Documentos/David_Hito2/Glide/docking_results/SP/1E9Z-glide-grid_995","docking_pv.maegz",421,"",,,"",,,,,,,,,,,,,,,,,,,,,,,"",,91,56600,true,0,2,51139,"W0NIM11OKFtPSF0pQyg9TylbQ0gyXVtDQEBIXShbT0hdKWMxW2NIXVtjSF1bY0hdW2NIXWMxQ2w=","J2VwaWtfcHl0aG9uJywgJy1waHQnLCAnMC4wJywgJy1waCcsICc3LjAnLCAnLXRuJywgJzgnLCAnLW1hJywgJzIwMCcsICctaW1hZScsICc8aW5maWxlLm1hZT4nLCAnLW9tYWUnLCAnPG91dGZpbGUubWFlPic=",1.000,0.0063,0.0000,0.0063,0.0000,0.000,0,0,0,"OPLS3e",14.095,true,"155557124.0-1","glide-grid_995",91,6,-2.039,-0.136,-0.335,-0.550,-2.039,-1.761,-0.175,0.000,0.060,-5.381,-5.578,0.971,-0.028,5.242,-10.959,25.468,10,34,0.000,"This compound has a N-S or N-O group and may undergo hydrolysis at high or low pH.",""
,"145956736.0","7970","299_145956736.0.1","2025-11-13 15:23:04","2025-11-13 15:23:04",,,,,,,"",,"","/home/db/Documentos/David_Hito2/Glide/docking_results/SP/1E9Z-glide-grid_995","docking_pv.maegz",422,"",,,"",,,,,,,,,,,,,,,,,,,,,,,"",,299,21810,false,0,2,51139,"W0NIM11PYzFbY0hdW2NIXVtjSF1jKFtjSF0xKVtOSF1bQ0gyXUMoPU8pW05IXVtPSF0=","J2VwaWtfcHl0aG9uJywgJy1waHQnLCAnMC4wJywgJy1waCcsICc3LjAnLCAnLXRuJywgJzgnLCAnLW1hJywgJzIwMCcsICctaW1hZScsICc8aW5maWxlLm1hZT4nLCAnLW9tYWUnLCAnPG91dGZpbGUubWFlPic=",1.000,0.0037,0.0000,0.0037,0.0000,0.000,0,0,0,"OPLS3e",21.149,true,"145956736.0-1","glide-grid_995",294,6,-2.036,-0.145,-0.350,-0.559,-2.036,-1.839,0.000,0.000,-1.105,-5.093,-2.931,1.686,-0.084,-2.191,-8.024,9.352,9,116,0.000,"This compound has a N-S or N-O group and may undergo hydrolysis at high or low pH.",""
,"CHEMBL462481","7971","134_CHEMBL462481.1","2025-11-13 15:23:04","2025-11-13 15:23:04",,,,,,,"",,"","/home/db/Documentos/David_Hito2/Glide/docking_results/SP/1E9Z-glide-grid_995","docking_pv.maegz",423,"",,,"",,,,,,,,,,,,,,,,,,,,,,,"",,134,790,false,0,2,51139,"W05IMl1bQ0gyXUMoPU8pW05IXVtDSDJdQyg9TylbTkhdW09IXQ==","J2VwaWtfcHl0aG9uJywgJy1waHQnLCAnMC4wJywgJy1waCcsICc3LjAnLCAnLXRuJywgJzgnLCAnLW1hJywgJzIwMCcsICctaW1hZScsICc8aW5maWxlLm1hZT4nLCAnLW9tYWUnLCAnPG91dGZpbGUubWFlPic=",,0.1406,0.1296,0.0110,0.1190,0.249,1,1,0,"OPLS3e",7.521,true,"CHEMBL462481-1","glide-grid_995",134,6,-2.018,-0.202,-0.435,-0.611,-2.137,-0.660,0.000,0.000,-2.091,-11.513,-9.379,2.666,-0.070,-21.719,-20.892,7.398,4,352,0.119,"This compound has a N-S or N-O group and may undergo hydrolysis at high or low pH.",""
,"145983251.0","7972","229_145983251.0.1","2025-11-13 15:23:04","2025-11-13 15:23:04",,,,,,,"",,"","/home/db/Documentos/David_Hito2/Glide/docking_results/SP/1E9Z-glide-grid_995","docking_pv.maegz",424,"",,,"",,,,,,,,,,,,,,,,,,,,,,,"",,229,1380,false,0,2,51139,"W0NIM11jMVtjSF1bY0hdYyhbY0hdW2NIXTEpT1tDSDJdW0NIMl1DKD1PKVtOSF1bT0hd","J2VwaWtfcHl0aG9uJywgJy1waHQnLCAnMC4wJywgJy1waCcsICc3LjAnLCAnLXRuJywgJzgnLCAnLW1hJywgJzIwMCcsICctaW1hZScsICc8aW5maWxlLm1hZT4nLCAnLW9tYWUnLCAnPG91dGZpbGUubWFlPic=",1.000,0.0067,0.0000,0.0067,0.0000,0.000,0,0,0,"OPLS3e",7.747,true,"145983251.0-1","glide-grid_995",224,6,-2.018,-0.144,-0.347,-0.554,-2.018,-1.955,-0.059,0.000,-1.531,-5.292,-1.701,2.126,-0.077,5.080,-6.993,23.746,29,304,0.000,"This compound has a N-S or N-O group and may undergo hydrolysis at high or low pH.",""
,"CHEMBL462481","7973","134_CHEMBL462481.1","2025-11-13 15:23:04","2025-11-13 15:23:04",,,,,,,"",,"","/home/db/Documentos/David_Hito2/Glide/docking_results/SP/1E9Z-glide-grid_995","docking_pv.maegz",425,"",,,"",,,,,,,,,,,,,,,,,,,,,,,"",,134,790,false,0,2,51139,"W05IMl1bQ0gyXUMoPU8pW05IXVtDSDJdQyg9TylbTkhdW09IXQ==","J2VwaWtfcHl0aG9uJywgJy1waHQnLCAnMC4wJywgJy1waCcsICc3LjAnLCAnLXRuJywgJzgnLCAnLW1hJywgJzIwMCcsICctaW1hZScsICc8aW5maWxlLm1hZT4nLCAnLW9tYWUnLCAnPG91dGZpbGUubWFlPic=",,0.1406,0.1296,0.0110,0.1190,0.249,1,1,0,"OPLS3e",7.521,true,"CHEMBL462481-1","glide-grid_995",134,6,-2.013,-0.201,-0.434,-0.609,-2.132,-0.288,0.000,0.000,-2.222,-5.235,-12.844,2.666,-0.100,-19.677,-18.078,6.579,12,102,0.119,"This compound has a N-S or N-O group and may undergo hydrolysis at high or low pH.",""
,"145982793.0","7974","228_145982793.0.1","2025-11-13 15:23:04","2025-11-13 15:23:04",,,,,,,"",,"","/home/db/Documentos/David_Hito2/Glide/docking_results/SP/1E9Z-glide-grid_995","docking_pv.maegz",426,"",,,"",,,,,,,,,,,,,,,,,,,,,,,"",,228,475,false,0,2,51139,"W09IXVtOSF1DKD1PKVtDSDJdW0NIMl1PYzFbY0hdW2NIXWMoQ2wpYyhDbClbY0hdMQ==","J2VwaWtfcHl0aG9uJywgJy1waHQnLCAnMC4wJywgJy1waCcsICc3LjAnLCAnLXRuJywgJzgnLCAnLW1hJywgJzIwMCcsICctaW1hZScsICc8aW5maWxlLm1hZT4nLCAnLW9tYWUnLCAnPG91dGZpbGUubWFlPic=",1.000,0.0073,0.0000,0.0073,0.0000,0.000,0,0,0,"OPLS3e",13.280,true,"145982793.0-1","glide-grid_995",223,6,-2.001,-0.133,-0.329,-0.540,-2.001,-1.992,-0.074,0.000,0.010,-1.911,-5.876,1.119,-0.087,7.250,-7.786,21.432,34,299,0.000,"This compound has a N-S or N-O group and may undergo hydrolysis at high or low pH.",""
,"145983154.0","7975","231_145983154.0.1","2025-11-13 15:23:04","2025-11-13 15:23:04",,,,,,,"",,"","/home/db/Documentos/David_Hito2/Glide/docking_results/SP/1E9Z-glide-grid_995","docking_pv.maegz",427,"",,,"",,,,,,,,,,,,,,,,,,,,,,,"",,231,1130,false,0,2,51139,"W09IXVtOSF1DKD1PKVtDSDJdW0NIMl1PYzFbY0hdW2NIXWMoRilbY0hdW2NIXTE=","J2VwaWtfcHl0aG9uJywgJy1waHQnLCAnMC4wJywgJy1waCcsICc3LjAnLCAnLXRuJywgJzgnLCAnLW1hJywgJzIwMCcsICctaW1hZScsICc8aW5maWxlLm1hZT4nLCAnLW9tYWUnLCAnPG91dGZpbGUubWFlPic=",1.000,0.0070,0.0000,0.0070,0.0000,0.000,0,0,0,"OPLS3e",9.111,true,"145983154.0-1","glide-grid_995",226,6,-1.987,-0.142,-0.342,-0.546,-1.987,-1.565,0.000,0.000,-1.208,4.083,-5.922,1.645,-0.174,3.511,-1.840,10.453,6,184,0.000,"This compound has a N-S or N-O group and may undergo hydrolysis at high or low pH.",""
,"145958473.0","7976","274_145958473.0.1","2025-11-13 15:23:04","2025-11-13 15:23:04",,,,,,,"",,"","/home/db/Documentos/David_Hito2/Glide/docking_results/SP/1E9Z-glide-grid_995","docking_pv.maegz",428,"",,,"",,,,,,,,,,,,,,,,,,,,,,,"",,274,10530,false,0,2,51139,"W09IXVtOSF1DKD1PKVtDSDJdW0NIMl1bTkhdYzFbY0hdW2NIXVtjSF1bY0hdYzFbTitdKD1PKVtPLV0=","J2VwaWtfcHl0aG9uJywgJy1waHQnLCAnMC4wJywgJy1waCcsICc3LjAnLCAnLXRuJywgJzgnLCAnLW1hJywgJzIwMCcsICctaW1hZScsICc8aW5maWxlLm1hZT4nLCAnLW9tYWUnLCAnPG91dGZpbGUubWFlPic=",1.000,0.0035,0.0000,0.0035,0.0000,0.000,0,2,0,"OPLS3e",23.868,true,"145958473.0-1","glide-grid_995",269,7,-1.984,-0.124,-0.312,-0.526,-1.984,-1.867,-0.098,0.000,-0.453,1.392,-7.909,1.673,-0.122,-6.376,-6.517,7.063,49,7,0.000,"This compound has a N-S or N-O group and may undergo hydrolysis at high or low pH.",""
,"60651050.0","7977","250_60651050.0.1","2025-11-13 15:23:04","2025-11-13 15:23:04",,,,,,,"",,"","/home/db/Documentos/David_Hito2/Glide/docking_results/SP/1E9Z-glide-grid_995","docking_pv.maegz",429,"",,,"",,,,,,,,,,,,,,,,,,,,,,,"",,250,10400,false,0,2,51139,"W09IXVtOSF1DKD1PKVtDSDJdT2MxW2NIXVtjSF1bY0hdYyhDbClbY0hdMQ==","J2VwaWtfcHl0aG9uJywgJy1waHQnLCAnMC4wJywgJy1waCcsICc3LjAnLCAnLXRuJywgJzgnLCAnLW1hJywgJzIwMCcsICctaW1hZScsICc8aW5maWxlLm1hZT4nLCAnLW9tYWUnLCAnPG91dGZpbGUubWFlPic=",1.000,0.0172,0.0000,0.0172,0.0000,0.000,0,0,0,"OPLS3e",12.189,true,"60651050.0-1","glide-grid_995",245,5,-1.942,-0.149,-0.351,-0.545,-1.942,-1.855,0.000,0.000,0.017,1.989,-8.373,1.209,-0.157,2.419,-6.383,8.973,4,40,0.000,"This compound has a N-S or N-O group and may undergo hydrolysis at high or low pH.",""
,"129927960.0","7978","297_129927960.0.1","2025-11-13 15:23:04","2025-11-13 15:23:04",,,,,,,"",,"","/home/db/Documentos/David_Hito2/Glide/docking_results/SP/1E9Z-glide-grid_995","docking_pv.maegz",430,"",,,"",,,,,,,,,,,,,,,,,,,,,,,"",,297,69800,false,0,2,51139,"W0NIM11PYzFbY0hdW2NIXWMoW2NIXVtjSF0xKVtOSF1bQ0gyXUMoPU8pW05IXVtPSF0=","J2VwaWtfcHl0aG9uJywgJy1waHQnLCAnMC4wJywgJy1waCcsICc3LjAnLCAnLXRuJywgJzgnLCAnLW1hJywgJzIwMCcsICctaW1hZScsICc8aW5maWxlLm1hZT4nLCAnLW9tYWUnLCAnPG91dGZpbGUubWFlPic=",1.000,0.0050,0.0000,0.0050,0.0000,0.000,0,0,0,"OPLS3e",21.937,true,"129927960.0-1","glide-grid_995",292,6,-1.916,-0.137,-0.330,-0.526,-1.916,-1.875,-0.304,0.000,-0.191,-10.425,-4.630,1.686,-0.017,-5.536,-15.055,8.999,2,219,0.000,"This compound has a N-S or N-O group and may undergo hydrolysis at high or low pH.",""
,"21935074.0","7979","248_21935074.0.1","2025-11-13 15:23:04","2025-11-13 15:23:04",,,,,,,"",,"","/home/db/Documentos/David_Hito2/Glide/docking_results/SP/1E9Z-glide-grid_995","docking_pv.maegz",431,"",,,"",,,,,,,,,,,,,,,,,,,,,,,"",,248,4180,false,0,2,51139,"W09IXVtOSF1DKD1PKVtDSDJdW0NIMl1PYzFbY0hdW2NIXVtjSF1bY0hdW2NIXTE=","J2VwaWtfcHl0aG9uJywgJy1waHQnLCAnMC4wJywgJy1waCcsICc3LjAnLCAnLXRuJywgJzgnLCAnLW1hJywgJzIwMCcsICctaW1hZScsICc8aW5maWxlLm1hZT4nLCAnLW9tYWUnLCAnPG91dGZpbGUubWFlPic=",1.000,0.0070,0.0000,0.0070,0.0000,0.000,0,0,0,"OPLS3e",10.224,true,"21935074.0-1","glide-grid_995",243,6,-1.914,-0.147,-0.346,-0.537,-1.914,-1.675,-0.046,0.000,-2.174,-2.382,1.269,1.924,-0.014,-1.544,-1.112,3.992,4,131,0.000,"This compound has a N-S or N-O group and may undergo hydrolysis at high or low pH.",""
,"145950151.0","7980","294_145950151.0.1","2025-11-13 15:23:04","2025-11-13 15:23:04",,,,,,,"",,"","/home/db/Documentos/David_Hito2/Glide/docking_results/SP/1E9Z-glide-grid_995","docking_pv.maegz",432,"",,,"",,,,,,,,,,,,,,,,,,,,,,,"",,294,24480,false,0,2,51139,"W09IXVtOSF1DKD1PKVtDSDJdW05IXWMxW2NIXVtjSF1bY0hdYyhCcilbY0hdMQ==","J2VwaWtfcHl0aG9uJywgJy1waHQnLCAnMC4wJywgJy1waCcsICc3LjAnLCAnLXRuJywgJzgnLCAnLW1hJywgJzIwMCcsICctaW1hZScsICc8aW5maWxlLm1hZT4nLCAnLW9tYWUnLCAnPG91dGZpbGUubWFlPic=",1.000,0.0036,0.0000,0.0036,0.0000,0.000,0,0,0,"OPLS3e",17.492,true,"145950151.0-1","glide-grid_995",289,5,-1.893,-0.146,-0.342,-0.531,-1.893,-1.969,0.000,0.000,0.609,-2.203,-7.626,0.869,-0.149,4.633,-9.830,16.035,2,188,0.000,"This compound has a N-S or N-O group and may undergo hydrolysis at high or low pH.",""
,"155562391.0","7981","88_155562391.0.1","2025-11-13 15:23:04","2025-11-13 15:23:04",,,,,,,"",,"","/home/db/Documentos/David_Hito2/Glide/docking_results/SP/1E9Z-glide-grid_995","docking_pv.maegz",433,"",,,"",,,,,,,,,,,,,,,,,,,,,,,"",,88,71200,true,0,2,51139,"W0NIM11OKFtPSF0pQyg9TylbQ0gyXVtDQEBIXShbT0hdKWMxW2NIXVtjSF1bY0hdYyhGKVtjSF0x","J2VwaWtfcHl0aG9uJywgJy1waHQnLCAnMC4wJywgJy1waCcsICc3LjAnLCAnLXRuJywgJzgnLCAnLW1hJywgJzIwMCcsICctaW1hZScsICc8aW5maWxlLm1hZT4nLCAnLW9tYWUnLCAnPG91dGZpbGUubWFlPic=",1.000,0.0063,0.0000,0.0063,0.0000,0.000,0,0,0,"OPLS3e",15.144,true,"155562391.0-1","glide-grid_995",88,6,-1.891,-0.126,-0.311,-0.510,-1.891,-1.886,0.000,0.000,-0.468,-4.682,-1.929,1.101,-0.114,-0.386,-6.610,4.966,9,392,0.000,"This compound has a N-S or N-O group and may undergo hydrolysis at high or low pH.",""
,"145984003.0","7982","246_145984003.0.1","2025-11-13 15:23:04","2025-11-13 15:23:04",,,,,,,"",,"","/home/db/Documentos/David_Hito2/Glide/docking_results/SP/1E9Z-glide-grid_995","docking_pv.maegz",434,"",,,"",,,,,,,,,,,,,,,,,,,,,,,"",,246,353200,false,0,2,51139,"W09IXVtOSF1DKD1PKVtDSDJdT2MxYyhDbClbY0hdW2NIXVtjSF1jMUNs","J2VwaWtfcHl0aG9uJywgJy1waHQnLCAnMC4wJywgJy1waCcsICc3LjAnLCAnLXRuJywgJzgnLCAnLW1hJywgJzIwMCcsICctaW1hZScsICc8aW5maWxlLm1hZT4nLCAnLW9tYWUnLCAnPG91dGZpbGUubWFlPic=",1.000,0.0172,0.0000,0.0172,0.0000,0.000,0,0,0,"OPLS3e",14.490,true,"145984003.0-1","glide-grid_995",241,5,-1.890,-0.135,-0.325,-0.519,-1.890,-1.646,-0.095,0.000,-0.399,3.263,-4.681,0.927,-0.137,1.927,-1.418,3.979,7,351,0.000,"This compound has a N-S or N-O group and may undergo hydrolysis at high or low pH.",""
,"CHEMBL462481","7983","134_CHEMBL462481.1","2025-11-13 15:23:04","2025-11-13 15:23:04",,,,,,,"",,"","/home/db/Documentos/David_Hito2/Glide/docking_results/SP/1E9Z-glide-grid_995","docking_pv.maegz",435,"",,,"",,,,,,,,,,,,,,,,,,,,,,,"",,134,790,false,0,2,51139,"W05IMl1bQ0gyXUMoPU8pW05IXVtDSDJdQyg9TylbTkhdW09IXQ==","J2VwaWtfcHl0aG9uJywgJy1waHQnLCAnMC4wJywgJy1waCcsICc3LjAnLCAnLXRuJywgJzgnLCAnLW1hJywgJzIwMCcsICctaW1hZScsICc8aW5maWxlLm1hZT4nLCAnLW9tYWUnLCAnPG91dGZpbGUubWFlPic=",,0.1406,0.1296,0.0110,0.1190,0.249,1,1,0,"OPLS3e",7.521,true,"CHEMBL462481-1","glide-grid_995",134,6,-1.865,-0.187,-0.402,-0.565,-1.984,-0.660,0.000,0.000,-2.064,-11.932,-8.349,2.666,-0.078,-20.610,-20.282,7.528,12,351,0.119,"This compound has a N-S or N-O group and may undergo hydrolysis at high or low pH.",""
,"129927960.0","7984","297_129927960.0.1","2025-11-13 15:23:04","2025-11-13 15:23:04",,,,,,,"",,"","/home/db/Documentos/David_Hito2/Glide/docking_results/SP/1E9Z-glide-grid_995","docking_pv.maegz",436,"",,,"",,,,,,,,,,,,,,,,,,,,,,,"",,297,69800,false,0,2,51139,"W0NIM11PYzFbY0hdW2NIXWMoW2NIXVtjSF0xKVtOSF1bQ0gyXUMoPU8pW05IXVtPSF0=","J2VwaWtfcHl0aG9uJywgJy1waHQnLCAnMC4wJywgJy1waCcsICc3LjAnLCAnLXRuJywgJzgnLCAnLW1hJywgJzIwMCcsICctaW1hZScsICc8aW5maWxlLm1hZT4nLCAnLW9tYWUnLCAnPG91dGZpbGUubWFlPic=",1.000,0.0050,0.0000,0.0050,0.0000,0.000,0,0,0,"OPLS3e",21.937,true,"129927960.0-1","glide-grid_995",292,6,-1.832,-0.131,-0.315,-0.503,-1.832,-1.879,-0.306,0.000,-0.130,-11.756,-4.026,1.686,-0.011,-6.740,-15.783,7.670,2,185,0.000,"This compound has a N-S or N-O group and may undergo hydrolysis at high or low pH.",""
,"CHEMBL462481","7985","134_CHEMBL462481.1","2025-11-13 15:23:04","2025-11-13 15:23:04",,,,,,,"",,"","/home/db/Documentos/David_Hito2/Glide/docking_results/SP/1E9Z-glide-grid_995","docking_pv.maegz",437,"",,,"",,,,,,,,,,,,,,,,,,,,,,,"",,134,790,false,0,2,51139,"W05IMl1bQ0gyXUMoPU8pW05IXVtDSDJdQyg9TylbTkhdW09IXQ==","J2VwaWtfcHl0aG9uJywgJy1waHQnLCAnMC4wJywgJy1waCcsICc3LjAnLCAnLXRuJywgJzgnLCAnLW1hJywgJzIwMCcsICctaW1hZScsICc8aW5maWxlLm1hZT4nLCAnLW9tYWUnLCAnPG91dGZpbGUubWFlPic=",,0.1406,0.1296,0.0110,0.1190,0.249,1,1,0,"OPLS3e",7.521,true,"CHEMBL462481-1","glide-grid_995",134,6,-1.824,-0.182,-0.393,-0.552,-1.943,-0.569,0.000,0.000,-2.237,-15.508,-6.529,2.666,-0.047,-23.121,-22.036,6.815,14,363,0.119,"This compound has a N-S or N-O group and may undergo hydrolysis at high or low pH.",""
,"CHEMBL462481","7986","134_CHEMBL462481.1","2025-11-13 15:23:04","2025-11-13 15:23:04",,,,,,,"",,"","/home/db/Documentos/David_Hito2/Glide/docking_results/SP/1E9Z-glide-grid_995","docking_pv.maegz",438,"",,,"",,,,,,,,,,,,,,,,,,,,,,,"",,134,790,false,0,2,51139,"W05IMl1bQ0gyXUMoPU8pW05IXVtDSDJdQyg9TylbTkhdW09IXQ==","J2VwaWtfcHl0aG9uJywgJy1waHQnLCAnMC4wJywgJy1waCcsICc3LjAnLCAnLXRuJywgJzgnLCAnLW1hJywgJzIwMCcsICctaW1hZScsICc8aW5maWxlLm1hZT4nLCAnLW9tYWUnLCAnPG91dGZpbGUubWFlPic=",,0.1406,0.1296,0.0110,0.1190,0.249,1,1,0,"OPLS3e",7.521,true,"CHEMBL462481-1","glide-grid_995",134,6,-1.815,-0.182,-0.391,-0.550,-1.934,-0.614,0.000,0.000,-1.966,-9.796,-9.626,2.666,-0.087,-18.548,-19.422,9.141,12,161,0.119,"This compound has a N-S or N-O group and may undergo hydrolysis at high or low pH.",""
,"145984790.0","7987","247_145984790.0.1","2025-11-13 15:23:04","2025-11-13 15:23:04",,,,,,,"",,"","/home/db/Documentos/David_Hito2/Glide/docking_results/SP/1E9Z-glide-grid_995","docking_pv.maegz",439,"",,,"",,,,,,,,,,,,,,,,,,,,,,,"",,247,520,false,0,2,51139,"W09IXVtOSF1DKD1PKVtDSDJdT2MxW2NIXVtjSF1jKENsKWMoQ2wpW2NIXTE=","J2VwaWtfcHl0aG9uJywgJy1waHQnLCAnMC4wJywgJy1waCcsICc3LjAnLCAnLXRuJywgJzgnLCAnLW1hJywgJzIwMCcsICctaW1hZScsICc8aW5maWxlLm1hZT4nLCAnLW9tYWUnLCAnPG91dGZpbGUubWFlPic=",1.000,0.0172,0.0000,0.0172,0.0000,0.000,0,0,0,"OPLS3e",12.923,true,"145984790.0-1","glide-grid_995",242,5,-1.807,-0.129,-0.311,-0.497,-1.807,-1.792,-0.125,0.000,-0.024,-1.013,-4.284,0.927,-0.100,4.540,-5.298,12.903,13,123,0.000,"This compound has a N-S or N-O group and may undergo hydrolysis at high or low pH.",""
,"145984444.0","7988","256_145984444.0.1","2025-11-13 15:23:04","2025-11-13 15:23:04",,,,,,,"",,"","/home/db/Documentos/David_Hito2/Glide/docking_results/SP/1E9Z-glide-grid_995","docking_pv.maegz",440,"",,,"",,,,,,,,,,,,,,,,,,,,,,,"",,256,94700,false,0,2,51139,"W09IXVtOSF1DKD1PKVtDSDJdT2MxW2NIXVtjSF1bY0hdYyhbTitdKD1PKVtPLV0pW2NIXTE=","J2VwaWtfcHl0aG9uJywgJy1waHQnLCAnMC4wJywgJy1waCcsICc3LjAnLCAnLXRuJywgJzgnLCAnLW1hJywgJzIwMCcsICctaW1hZScsICc8aW5maWxlLm1hZT4nLCAnLW9tYWUnLCAnPG91dGZpbGUubWFlPic=",1.000,0.0172,0.0000,0.0172,0.0000,0.000,0,2,0,"OPLS3e",17.021,true,"145984444.0-1","glide-grid_995",251,6,-1.796,-0.120,-0.295,-0.484,-1.796,-1.816,-0.102,0.000,-0.686,-3.647,-3.258,1.480,0.000,0.977,-6.905,9.946,25,36,0.000,"This compound has a N-S or N-O group and may undergo hydrolysis at high or low pH.",""
,"155557124.0","7989","91_155557124.0.1","2025-11-13 15:23:04","2025-11-13 15:23:04",,,,,,,"",,"","/home/db/Documentos/David_Hito2/Glide/docking_results/SP/1E9Z-glide-grid_995","docking_pv.maegz",441,"",,,"",,,,,,,,,,,,,,,,,,,,,,,"",,91,56600,true,0,2,51139,"W0NIM11OKFtPSF0pQyg9TylbQ0gyXVtDQEBIXShbT0hdKWMxW2NIXVtjSF1bY0hdW2NIXWMxQ2w=","J2VwaWtfcHl0aG9uJywgJy1waHQnLCAnMC4wJywgJy1waCcsICc3LjAnLCAnLXRuJywgJzgnLCAnLW1hJywgJzIwMCcsICctaW1hZScsICc8aW5maWxlLm1hZT4nLCAnLW9tYWUnLCAnPG91dGZpbGUubWFlPic=",1.000,0.0063,0.0000,0.0063,0.0000,0.000,0,0,0,"OPLS3e",14.095,true,"155557124.0-1","glide-grid_995",91,6,-1.794,-0.120,-0.295,-0.484,-1.794,-1.950,0.000,0.000,-0.352,1.806,-3.398,0.971,-0.044,4.712,-1.592,7.559,10,62,0.000,"This compound has a N-S or N-O group and may undergo hydrolysis at high or low pH.",""
,"71727110.0","7990","84_71727110.0.1","2025-11-13 15:23:04","2025-11-13 15:23:04",,,,,,,"",,"","/home/db/Documentos/David_Hito2/Glide/docking_results/SP/1E9Z-glide-grid_995","docking_pv.maegz",442,"",,,"",,,,,,,,,,,,,,,,,,,,,,,"",,84,30500,true,0,2,51139,"W0NIM11OKFtPSF0pQyg9TylbQ0gyXVtDQEBIXShbT0hdKWMxW2NIXWMoQ2wpW2NIXVtjSF1jMVtPSF0=","J2VwaWtfcHl0aG9uJywgJy1waHQnLCAnMC4wJywgJy1waCcsICc3LjAnLCAnLXRuJywgJzgnLCAnLW1hJywgJzIwMCcsICctaW1hZScsICc8aW5maWxlLm1hZT4nLCAnLW9tYWUnLCAnPG91dGZpbGUubWFlPic=",1.000,0.0103,0.0000,0.0103,0.0000,0.000,0,0,0,"OPLS3e",12.777,true,"71727110.0-1","glide-grid_995",84,7,-1.752,-0.110,-0.276,-0.465,-1.752,-1.561,0.000,0.000,-0.275,9.138,-9.171,1.154,-0.152,4.818,-0.032,7.833,12,134,0.000,"This compound has a N-S or N-O group and may undergo hydrolysis at high or low pH.",""
,"145982554.0","7991","226_145982554.0.1","2025-11-13 15:23:04","2025-11-13 15:23:04",,,,,,,"",,"","/home/db/Documentos/David_Hito2/Glide/docking_results/SP/1E9Z-glide-grid_995","docking_pv.maegz",443,"",,,"",,,,,,,,,,,,,,,,,,,,,,,"",,226,860,false,0,2,51139,"W09IXVtOSF1DKD1PKVtDSDJdW0NIMl1PYzFbY0hdW2NIXWMoQnIpW2NIXVtjSF0x","J2VwaWtfcHl0aG9uJywgJy1waHQnLCAnMC4wJywgJy1waCcsICc3LjAnLCAnLXRuJywgJzgnLCAnLW1hJywgJzIwMCcsICctaW1hZScsICc8aW5maWxlLm1hZT4nLCAnLW9tYWUnLCAnPG91dGZpbGUubWFlPic=",1.000,0.0070,0.0000,0.0070,0.0000,0.000,0,0,0,"OPLS3e",8.865,true,"145982554.0-1","glide-grid_995",221,6,-1.751,-0.125,-0.301,-0.481,-1.751,-1.939,0.000,0.000,0.387,2.475,-7.865,1.046,-0.190,7.556,-5.390,14.578,9,202,0.000,"This compound has a N-S or N-O group and may undergo hydrolysis at high or low pH.",""
,"155534689.0","7992","98_155534689.0.1","2025-11-13 15:23:04","2025-11-13 15:23:04",,,,,,,"",,"","/home/db/Documentos/David_Hito2/Glide/docking_results/SP/1E9Z-glide-grid_995","docking_pv.maegz",444,"",,,"",,,,,,,,,,,,,,,,,,,,,,,"",,98,78200,true,0,2,51139,"W0NIM11OKFtPSF0pQyg9TylbQ0gyXVtDQEBIXShbT0hdKWMxW2NIXVtjSF1bY0hdYyhCcilbY0hdMQ==","J2VwaWtfcHl0aG9uJywgJy1waHQnLCAnMC4wJywgJy1waCcsICc3LjAnLCAnLXRuJywgJzgnLCAnLW1hJywgJzIwMCcsICctaW1hZScsICc8aW5maWxlLm1hZT4nLCAnLW9tYWUnLCAnPG91dGZpbGUubWFlPic=",1.000,0.0063,0.0000,0.0063,0.0000,0.000,0,0,0,"OPLS3e",14.817,true,"155534689.0-1","glide-grid_995",98,6,-1.727,-0.115,-0.284,-0.466,-1.727,-1.741,-0.152,0.000,0.309,-2.234,-4.782,0.717,-0.031,-3.465,-7.016,3.806,9,88,0.000,"This compound has a N-S or N-O group and may undergo hydrolysis at high or low pH.",""
,"155540829.0","7993","89_155540829.0.1","2025-11-13 15:23:04","2025-11-13 15:23:04",,,,,,,"",,"","/home/db/Documentos/David_Hito2/Glide/docking_results/SP/1E9Z-glide-grid_995","docking_pv.maegz",445,"",,,"",,,,,,,,,,,,,,,,,,,,,,,"",,89,48000,true,0,2,51139,"W0NIM11OKFtPSF0pQyg9TylbQ0gyXVtDQEBIXShbT0hdKWMxW2NIXVtjSF1bY0hdYyhDbClbY0hdMQ==","J2VwaWtfcHl0aG9uJywgJy1waHQnLCAnMC4wJywgJy1waCcsICc3LjAnLCAnLXRuJywgJzgnLCAnLW1hJywgJzIwMCcsICctaW1hZScsICc8aW5maWxlLm1hZT4nLCAnLW9tYWUnLCAnPG91dGZpbGUubWFlPic=",1.000,0.0063,0.0000,0.0063,0.0000,0.000,0,0,0,"OPLS3e",15.022,true,"155540829.0-1","glide-grid_995",89,6,-1.713,-0.114,-0.282,-0.462,-1.713,-1.757,0.000,0.000,-0.434,-0.064,-2.837,0.971,-0.064,0.377,-2.901,5.055,9,394,0.000,"This compound has a N-S or N-O group and may undergo hydrolysis at high or low pH.",""
,"129927960.0","7994","297_129927960.0.1","2025-11-13 15:23:04","2025-11-13 15:23:04",,,,,,,"",,"","/home/db/Documentos/David_Hito2/Glide/docking_results/SP/1E9Z-glide-grid_995","docking_pv.maegz",446,"",,,"",,,,,,,,,,,,,,,,,,,,,,,"",,297,69800,false,0,2,51139,"W0NIM11PYzFbY0hdW2NIXWMoW2NIXVtjSF0xKVtOSF1bQ0gyXUMoPU8pW05IXVtPSF0=","J2VwaWtfcHl0aG9uJywgJy1waHQnLCAnMC4wJywgJy1waCcsICc3LjAnLCAnLXRuJywgJzgnLCAnLW1hJywgJzIwMCcsICctaW1hZScsICc8aW5maWxlLm1hZT4nLCAnLW9tYWUnLCAnPG91dGZpbGUubWFlPic=",1.000,0.0050,0.0000,0.0050,0.0000,0.000,0,0,0,"OPLS3e",21.937,true,"129927960.0-1","glide-grid_995",292,6,-1.713,-0.122,-0.295,-0.471,-1.713,-1.985,-0.332,0.000,-0.644,1.874,-3.140,1.686,-0.061,8.384,-1.266,11.778,27,391,0.000,"This compound has a N-S or N-O group and may undergo hydrolysis at high or low pH.",""
,"145983251.0","7995","229_145983251.0.1","2025-11-13 15:23:04","2025-11-13 15:23:04",,,,,,,"",,"","/home/db/Documentos/David_Hito2/Glide/docking_results/SP/1E9Z-glide-grid_995","docking_pv.maegz",447,"",,,"",,,,,,,,,,,,,,,,,,,,,,,"",,229,1380,false,0,2,51139,"W0NIM11jMVtjSF1bY0hdYyhbY0hdW2NIXTEpT1tDSDJdW0NIMl1DKD1PKVtOSF1bT0hd","J2VwaWtfcHl0aG9uJywgJy1waHQnLCAnMC4wJywgJy1waCcsICc3LjAnLCAnLXRuJywgJzgnLCAnLW1hJywgJzIwMCcsICctaW1hZScsICc8aW5maWxlLm1hZT4nLCAnLW9tYWUnLCAnPG91dGZpbGUubWFlPic=",1.000,0.0067,0.0000,0.0067,0.0000,0.000,0,0,0,"OPLS3e",7.747,true,"145983251.0-1","glide-grid_995",224,6,-1.698,-0.121,-0.292,-0.467,-1.698,-2.205,-0.022,0.000,-1.724,-4.069,2.799,2.126,-0.089,6.891,-1.270,16.590,130,273,0.000,"This compound has a N-S or N-O group and may undergo hydrolysis at high or low pH.",""
,"145986005.0","7996","238_145986005.0.1","2025-11-13 15:23:04","2025-11-13 15:23:04",,,,,,,"",,"","/home/db/Documentos/David_Hito2/Glide/docking_results/SP/1E9Z-glide-grid_995","docking_pv.maegz",448,"",,,"",,,,,,,,,,,,,,,,,,,,,,,"",,238,3220,false,0,2,51139,"W09IXVtOSF1DKD1PKVtDSDJdT2MxW2NIXWMoQ2wpW2NIXWMoQ2wpW2NIXTE=","J2VwaWtfcHl0aG9uJywgJy1waHQnLCAnMC4wJywgJy1waCcsICc3LjAnLCAnLXRuJywgJzgnLCAnLW1hJywgJzIwMCcsICctaW1hZScsICc8aW5maWxlLm1hZT4nLCAnLW9tYWUnLCAnPG91dGZpbGUubWFlPic=",1.000,0.0172,0.0000,0.0172,0.0000,0.000,0,0,0,"OPLS3e",15.448,true,"145986005.0-1","glide-grid_995",233,5,-1.691,-0.121,-0.291,-0.465,-1.691,-1.873,0.000,0.000,0.258,7.276,-8.059,0.927,-0.157,6.205,-0.783,8.063,4,17,0.000,"This compound has a N-S or N-O group and may undergo hydrolysis at high or low pH.",""
,"3252458.0","7997","242_3252458.0.1","2025-11-13 15:23:04","2025-11-13 15:23:04",,,,,,,"",,"","/home/db/Documentos/David_Hito2/Glide/docking_results/SP/1E9Z-glide-grid_995","docking_pv.maegz",449,"",,,"",,,,,,,,,,,,,,,,,,,,,,,"",,242,131200,false,0,2,51139,"W09IXVtOSF1DKD1PKVtDSDJdT2MxW2NIXVtjSF1bY0hdW2NIXVtjSF0x","J2VwaWtfcHl0aG9uJywgJy1waHQnLCAnMC4wJywgJy1waCcsICc3LjAnLCAnLXRuJywgJzgnLCAnLW1hJywgJzIwMCcsICctaW1hZScsICc8aW5maWxlLm1hZT4nLCAnLW9tYWUnLCAnPG91dGZpbGUubWFlPic=",1.000,0.0172,0.0000,0.0172,0.0000,0.000,0,0,0,"OPLS3e",16.996,true,"3252458.0-1","glide-grid_995",237,5,-1.632,-0.136,-0.311,-0.468,-1.632,-1.788,-0.103,0.000,-0.746,-3.338,-3.161,1.646,-0.000,-1.350,-6.499,6.218,5,298,0.000,"This compound has a N-S or N-O group and may undergo hydrolysis at high or low pH.",""
,"72707602.0","7998","69_72707602.0.1","2025-11-13 15:23:04","2025-11-13 15:23:04",,,,,,,"",,"","/home/db/Documentos/David_Hito2/Glide/docking_results/SP/1E9Z-glide-grid_995","docking_pv.maegz",450,"",,,"",,,,,,,,,,,,,,,,,,,,,,,"",,69,23200,true,0,2,51139,"W0NIM11PYzFbY0hdW2NIXVtjSF1jKFtjSF0xKVtDQEBIXShbT0hdKVtDSDJdQyg9TylbTkhdW09IXQ==","J2VwaWtfcHl0aG9uJywgJy1waHQnLCAnMC4wJywgJy1waCcsICc3LjAnLCAnLXRuJywgJzgnLCAnLW1hJywgJzIwMCcsICctaW1hZScsICc8aW5maWxlLm1hZT4nLCAnLW9tYWUnLCAnPG91dGZpbGUubWFlPic=",1.000,0.0062,0.0000,0.0062,0.0000,0.000,0,0,0,"OPLS3e",12.577,true,"72707602.0-1","glide-grid_995",69,7,-1.623,-0.108,-0.267,-0.438,-1.623,-1.583,0.000,0.000,-0.685,4.247,-6.290,1.491,-0.114,4.321,-2.043,8.965,14,119,0.000,"This compound has a N-S or N-O group and may undergo hydrolysis at high or low pH.",""
,"72707602.0","7999","69_72707602.0.1","2025-11-13 15:23:04","2025-11-13 15:23:04",,,,,,,"",,"","/home/db/Documentos/David_Hito2/Glide/docking_results/SP/1E9Z-glide-grid_995","docking_pv.maegz",451,"",,,"",,,,,,,,,,,,,,,,,,,,,,,"",,69,23200,true,0,2,51139,"W0NIM11PYzFbY0hdW2NIXVtjSF1jKFtjSF0xKVtDQEBIXShbT0hdKVtDSDJdQyg9TylbTkhdW09IXQ==","J2VwaWtfcHl0aG9uJywgJy1waHQnLCAnMC4wJywgJy1waCcsICc3LjAnLCAnLXRuJywgJzgnLCAnLW1hJywgJzIwMCcsICctaW1hZScsICc8aW5maWxlLm1hZT4nLCAnLW9tYWUnLCAnPG91dGZpbGUubWFlPic=",1.000,0.0062,0.0000,0.0062,0.0000,0.000,0,0,0,"OPLS3e",12.577,true,"72707602.0-1","glide-grid_995",69,7,-1.621,-0.108,-0.266,-0.437,-1.621,-1.530,-0.048,0.000,-0.610,4.209,-6.928,1.491,-0.095,3.568,-2.719,8.375,13,106,0.000,"This compound has a N-S or N-O group and may undergo hydrolysis at high or low pH.",""
,"145959103.0","8000","276_145959103.0.1","2025-11-13 15:23:04","2025-11-13 15:23:04",,,,,,,"",,"","/home/db/Documentos/David_Hito2/Glide/docking_results/SP/1E9Z-glide-grid_995","docking_pv.maegz",452,"",,,"",,,,,,,,,,,,,,,,,,,,,,,"",,276,1220,false,0,2,51139,"W09IXVtOSF1DKD1PKVtDSDJdW0NIMl1bTkhdYzFbY0hdW2NIXVtjSF1bY0hdW2NIXTE=","J2VwaWtfcHl0aG9uJywgJy1waHQnLCAnMC4wJywgJy1waCcsICc3LjAnLCAnLXRuJywgJzgnLCAnLW1hJywgJzIwMCcsICctaW1hZScsICc8aW5maWxlLm1hZT4nLCAnLW9tYWUnLCAnPG91dGZpbGUubWFlPic=",1.000,0.0040,0.0000,0.0040,0.0000,0.000,0,0,0,"OPLS3e",11.878,true,"145959103.0-1","glide-grid_995",271,6,-1.617,-0.124,-0.292,-0.454,-1.617,-1.665,0.000,0.000,-1.221,-9.714,-0.247,1.941,-0.149,-2.641,-9.961,14.790,25,138,0.000,"This compound has a N-S or N-O group and may undergo hydrolysis at high or low pH.",""
,"49859552.0","8001","235_49859552.0.1","2025-11-13 15:23:04","2025-11-13 15:23:04",,,,,,,"",,"","/home/db/Documentos/David_Hito2/Glide/docking_results/SP/1E9Z-glide-grid_995","docking_pv.maegz",453,"",,,"",,,,,,,,,,,,,,,,,,,,,,,"",,235,8350,false,0,2,51139,"W0NIM11PYzFbY0hdW2NIXWMoW2NIXVtjSF0xKU9bQ0gyXVtDSDJdQyg9TylbTkhdW09IXQ==","J2VwaWtfcHl0aG9uJywgJy1waHQnLCAnMC4wJywgJy1waCcsICc3LjAnLCAnLXRuJywgJzgnLCAnLW1hJywgJzIwMCcsICctaW1hZScsICc8aW5maWxlLm1hZT4nLCAnLW9tYWUnLCAnPG91dGZpbGUubWFlPic=",1.000,0.0068,0.0000,0.0068,0.0000,0.000,0,0,0,"OPLS3e",17.032,true,"49859552.0-1","glide-grid_995",230,7,-1.603,-0.107,-0.264,-0.432,-1.603,-1.903,0.000,0.000,-1.399,1.081,-1.237,1.864,-0.033,6.423,-0.155,12.174,9,340,0.000,"This compound has a N-S or N-O group and may undergo hydrolysis at high or low pH.",""
,"145974309.0","8002","269_145974309.0.1","2025-11-13 15:23:04","2025-11-13 15:23:04",,,,,,,"",,"","/home/db/Documentos/David_Hito2/Glide/docking_results/SP/1E9Z-glide-grid_995","docking_pv.maegz",454,"",,,"",,,,,,,,,,,,,,,,,,,,,,,"",,269,2120,false,0,2,51139,"W0NIM11jMVtjSF1jKFtDSDNdKVtjSF1jKFtjSF0xKVtOSF1bQ0gyXUMoPU8pW05IXVtPSF0=","J2VwaWtfcHl0aG9uJywgJy1waHQnLCAnMC4wJywgJy1waCcsICc3LjAnLCAnLXRuJywgJzgnLCAnLW1hJywgJzIwMCcsICctaW1hZScsICc8aW5maWxlLm1hZT4nLCAnLW9tYWUnLCAnPG91dGZpbGUubWFlPic=",1.000,0.0039,0.0000,0.0039,0.0000,0.000,0,0,0,"OPLS3e",13.275,true,"145974309.0-1","glide-grid_995",264,5,-1.573,-0.112,-0.271,-0.432,-1.573,-2.049,-0.171,0.000,-0.398,3.047,-4.810,1.715,-0.100,5.255,-1.763,8.290,13,337,0.000,"This compound has a N-S or N-O group and may undergo hydrolysis at high or low pH.",""
,"71727110.0","8003","84_71727110.0.1","2025-11-13 15:23:04","2025-11-13 15:23:04",,,,,,,"",,"","/home/db/Documentos/David_Hito2/Glide/docking_results/SP/1E9Z-glide-grid_995","docking_pv.maegz",455,"",,,"",,,,,,,,,,,,,,,,,,,,,,,"",,84,30500,true,0,2,51139,"W0NIM11OKFtPSF0pQyg9TylbQ0gyXVtDQEBIXShbT0hdKWMxW2NIXWMoQ2wpW2NIXVtjSF1jMVtPSF0=","J2VwaWtfcHl0aG9uJywgJy1waHQnLCAnMC4wJywgJy1waCcsICc3LjAnLCAnLXRuJywgJzgnLCAnLW1hJywgJzIwMCcsICctaW1hZScsICc8aW5maWxlLm1hZT4nLCAnLW9tYWUnLCAnPG91dGZpbGUubWFlPic=",1.000,0.0103,0.0000,0.0103,0.0000,0.000,0,0,0,"OPLS3e",12.777,true,"71727110.0-1","glide-grid_995",84,7,-1.517,-0.095,-0.239,-0.402,-1.517,-1.762,0.000,0.000,-0.333,-3.435,-2.429,1.154,-0.040,-0.384,-5.864,8.556,11,203,0.000,"This compound has a N-S or N-O group and may undergo hydrolysis at high or low pH.",""
,"15125023.0","8004","257_15125023.0.1","2025-11-13 15:23:04","2025-11-13 15:23:04",,,,,,,"",,"","/home/db/Documentos/David_Hito2/Glide/docking_results/SP/1E9Z-glide-grid_995","docking_pv.maegz",456,"",,,"",,,,,,,,,,,,,,,,,,,,,,,"",,257,49500,false,0,2,51139,"W0NIM11PYzFbY0hdW2NIXWMoW2NIXVtjSF0xKU9bQ0gyXUMoPU8pW05IXVtPSF0=","J2VwaWtfcHl0aG9uJywgJy1waHQnLCAnMC4wJywgJy1waCcsICc3LjAnLCAnLXRuJywgJzgnLCAnLW1hJywgJzIwMCcsICctaW1hZScsICc8aW5maWxlLm1hZT4nLCAnLW9tYWUnLCAnPG91dGZpbGUubWFlPic=",1.000,0.0172,0.0000,0.0172,0.0000,0.000,0,0,0,"OPLS3e",16.768,true,"15125023.0-1","glide-grid_995",252,6,-1.494,-0.107,-0.257,-0.410,-1.494,-1.975,-0.020,0.000,-0.939,-1.535,-0.438,1.672,-0.090,4.694,-1.973,9.908,39,397,0.000,"This compound has a N-S or N-O group and may undergo hydrolysis at high or low pH.",""
,"145984854.0","8005","234_145984854.0.1","2025-11-13 15:23:04","2025-11-13 15:23:04",,,,,,,"",,"","/home/db/Documentos/David_Hito2/Glide/docking_results/SP/1E9Z-glide-grid_995","docking_pv.maegz",457,"",,,"",,,,,,,,,,,,,,,,,,,,,,,"",,234,205400,false,0,2,51139,"W09IXVtOSF1DKD1PKVtDSDJdT2MxW2NIXWMoRilbY0hdYyhGKVtjSF0x","J2VwaWtfcHl0aG9uJywgJy1waHQnLCAnMC4wJywgJy1waCcsICc3LjAnLCAnLXRuJywgJzgnLCAnLW1hJywgJzIwMCcsICctaW1hZScsICc8aW5maWxlLm1hZT4nLCAnLW9tYWUnLCAnPG91dGZpbGUubWFlPic=",1.000,0.0172,0.0000,0.0172,0.0000,0.000,0,0,0,"OPLS3e",13.143,true,"145984854.0-1","glide-grid_995",229,5,-1.494,-0.107,-0.257,-0.410,-1.494,-1.675,0.000,0.000,0.011,7.019,-8.116,1.194,-0.157,8.952,-1.097,8.761,4,127,0.000,"This compound has a N-S or N-O group and may undergo hydrolysis at high or low pH.",""
,"11183280.0","8006","245_11183280.0.1","2025-11-13 15:23:04","2025-11-13 15:23:04",,,,,,,"",,"","/home/db/Documentos/David_Hito2/Glide/docking_results/SP/1E9Z-glide-grid_995","docking_pv.maegz",458,"",,,"",,,,,,,,,,,,,,,,,,,,,,,"",,245,1260,false,0,2,51139,"W09IXVtOSF1DKD1PKVtDSDJdT2MxW2NIXVtjSF1jKENsKVtjSF1bY0hdMQ==","J2VwaWtfcHl0aG9uJywgJy1waHQnLCAnMC4wJywgJy1waCcsICc3LjAnLCAnLXRuJywgJzgnLCAnLW1hJywgJzIwMCcsICctaW1hZScsICc8aW5maWxlLm1hZT4nLCAnLW9tYWUnLCAnPG91dGZpbGUubWFlPic=",1.000,0.0172,0.0000,0.0172,0.0000,0.000,0,0,0,"OPLS3e",11.009,true,"11183280.0-1","glide-grid_995",240,5,-1.484,-0.114,-0.268,-0.416,-1.484,-2.104,0.000,0.000,-0.059,-0.814,-2.683,1.209,-0.086,6.866,-3.497,11.224,6,211,0.000,"This compound has a N-S or N-O group and may undergo hydrolysis at high or low pH.",""
,"24990996.0","8007","253_24990996.0.1","2025-11-13 15:23:04","2025-11-13 15:23:04",,,,,,,"",,"","/home/db/Documentos/David_Hito2/Glide/docking_results/SP/1E9Z-glide-grid_995","docking_pv.maegz",459,"",,,"",,,,,,,,,,,,,,,,,,,,,,,"",,253,18900,false,0,2,51139,"W09IXVtOSF1DKD1PKVtDSDJdT2MxW2NIXVtjSF1jKEYpW2NIXVtjSF0x","J2VwaWtfcHl0aG9uJywgJy1waHQnLCAnMC4wJywgJy1waCcsICc3LjAnLCAnLXRuJywgJzgnLCAnLW1hJywgJzIwMCcsICctaW1hZScsICc8aW5maWxlLm1hZT4nLCAnLW9tYWUnLCAnPG91dGZpbGUubWFlPic=",1.000,0.0172,0.0000,0.0172,0.0000,0.000,0,0,0,"OPLS3e",15.782,true,"24990996.0-1","glide-grid_995",248,5,-1.439,-0.111,-0.260,-0.404,-1.439,-2.076,0.000,0.000,0.476,-10.985,-3.596,1.392,-0.143,-1.579,-14.581,14.640,6,232,0.000,"This compound has a N-S or N-O group and may undergo hydrolysis at high or low pH.",""
,"129927960.0","8008","297_129927960.0.1","2025-11-13 15:23:04","2025-11-13 15:23:04",,,,,,,"",,"","/home/db/Documentos/David_Hito2/Glide/docking_results/SP/1E9Z-glide-grid_995","docking_pv.maegz",460,"",,,"",,,,,,,,,,,,,,,,,,,,,,,"",,297,69800,false,0,2,51139,"W0NIM11PYzFbY0hdW2NIXWMoW2NIXVtjSF0xKVtOSF1bQ0gyXUMoPU8pW05IXVtPSF0=","J2VwaWtfcHl0aG9uJywgJy1waHQnLCAnMC4wJywgJy1waCcsICc3LjAnLCAnLXRuJywgJzgnLCAnLW1hJywgJzIwMCcsICctaW1hZScsICc8aW5maWxlLm1hZT4nLCAnLW9tYWUnLCAnPG91dGZpbGUubWFlPic=",1.000,0.0050,0.0000,0.0050,0.0000,0.000,0,0,0,"OPLS3e",21.937,true,"129927960.0-1","glide-grid_995",292,6,-1.429,-0.102,-0.246,-0.393,-1.429,-1.995,-0.276,0.000,-0.045,-0.414,-4.747,1.686,-0.066,4.591,-5.160,8.454,10,50,0.000,"This compound has a N-S or N-O group and may undergo hydrolysis at high or low pH.",""
,"59336415.0","8009","251_59336415.0.1","2025-11-13 15:23:04","2025-11-13 15:23:04",,,,,,,"",,"","/home/db/Documentos/David_Hito2/Glide/docking_results/SP/1E9Z-glide-grid_995","docking_pv.maegz",461,"",,,"",,,,,,,,,,,,,,,,,,,,,,,"",,251,57100,false,0,2,51139,"W0NIM11jMVtjSF1bY0hdYyhbY0hdW2NIXTEpT1tDSDJdQyg9TylbTkhdW09IXQ==","J2VwaWtfcHl0aG9uJywgJy1waHQnLCAnMC4wJywgJy1waCcsICc3LjAnLCAnLXRuJywgJzgnLCAnLW1hJywgJzIwMCcsICctaW1hZScsICc8aW5maWxlLm1hZT4nLCAnLW9tYWUnLCAnPG91dGZpbGUubWFlPic=",1.000,0.0172,0.0000,0.0172,0.0000,0.000,0,0,0,"OPLS3e",10.143,true,"59336415.0-1","glide-grid_995",246,5,-1.421,-0.109,-0.257,-0.399,-1.421,-2.137,0.000,0.000,-0.200,-7.416,-3.566,1.924,-0.102,-1.903,-10.982,8.970,25,347,0.000,"This compound has a N-S or N-O group and may undergo hydrolysis at high or low pH.",""
,"129927960.0","8010","297_129927960.0.1","2025-11-13 15:23:04","2025-11-13 15:23:04",,,,,,,"",,"","/home/db/Documentos/David_Hito2/Glide/docking_results/SP/1E9Z-glide-grid_995","docking_pv.maegz",462,"",,,"",,,,,,,,,,,,,,,,,,,,,,,"",,297,69800,false,0,2,51139,"W0NIM11PYzFbY0hdW2NIXWMoW2NIXVtjSF0xKVtOSF1bQ0gyXUMoPU8pW05IXVtPSF0=","J2VwaWtfcHl0aG9uJywgJy1waHQnLCAnMC4wJywgJy1waCcsICc3LjAnLCAnLXRuJywgJzgnLCAnLW1hJywgJzIwMCcsICctaW1hZScsICc8aW5maWxlLm1hZT4nLCAnLW9tYWUnLCAnPG91dGZpbGUubWFlPic=",1.000,0.0050,0.0000,0.0050,0.0000,0.000,0,0,0,"OPLS3e",21.937,true,"129927960.0-1","glide-grid_995",292,6,-1.420,-0.101,-0.244,-0.390,-1.420,-1.760,-0.017,0.000,-0.030,7.587,-10.585,1.686,-0.090,8.215,-2.998,11.288,10,204,0.000,"This compound has a N-S or N-O group and may undergo hydrolysis at high or low pH.",""
,"24990996.0","8011","253_24990996.0.1","2025-11-13 15:23:04","2025-11-13 15:23:04",,,,,,,"",,"","/home/db/Documentos/David_Hito2/Glide/docking_results/SP/1E9Z-glide-grid_995","docking_pv.maegz",463,"",,,"",,,,,,,,,,,,,,,,,,,,,,,"",,253,18900,false,0,2,51139,"W09IXVtOSF1DKD1PKVtDSDJdT2MxW2NIXVtjSF1jKEYpW2NIXVtjSF0x","J2VwaWtfcHl0aG9uJywgJy1waHQnLCAnMC4wJywgJy1waCcsICc3LjAnLCAnLXRuJywgJzgnLCAnLW1hJywgJzIwMCcsICctaW1hZScsICc8aW5maWxlLm1hZT4nLCAnLW9tYWUnLCAnPG91dGZpbGUubWFlPic=",1.000,0.0172,0.0000,0.0172,0.0000,0.000,0,0,0,"OPLS3e",15.782,true,"24990996.0-1","glide-grid_995",248,5,-1.408,-0.108,-0.255,-0.395,-1.408,-1.800,-0.110,0.000,-0.590,2.671,-2.840,1.392,-0.009,5.933,-0.168,6.847,1,350,0.000,"This compound has a N-S or N-O group and may undergo hydrolysis at high or low pH.",""
,"155540829.0","8012","89_155540829.0.1","2025-11-13 15:23:04","2025-11-13 15:23:04",,,,,,,"",,"","/home/db/Documentos/David_Hito2/Glide/docking_results/SP/1E9Z-glide-grid_995","docking_pv.maegz",464,"",,,"",,,,,,,,,,,,,,,,,,,,,,,"",,89,48000,true,0,2,51139,"W0NIM11OKFtPSF0pQyg9TylbQ0gyXVtDQEBIXShbT0hdKWMxW2NIXVtjSF1bY0hdYyhDbClbY0hdMQ==","J2VwaWtfcHl0aG9uJywgJy1waHQnLCAnMC4wJywgJy1waCcsICc3LjAnLCAnLXRuJywgJzgnLCAnLW1hJywgJzIwMCcsICctaW1hZScsICc8aW5maWxlLm1hZT4nLCAnLW9tYWUnLCAnPG91dGZpbGUubWFlPic=",1.000,0.0063,0.0000,0.0063,0.0000,0.000,0,0,0,"OPLS3e",15.022,true,"155540829.0-1","glide-grid_995",89,6,-1.391,-0.093,-0.229,-0.375,-1.391,-1.666,0.000,0.000,0.037,-0.515,-4.511,0.971,-0.030,0.677,-5.026,5.979,9,49,0.000,"This compound has a N-S or N-O group and may undergo hydrolysis at high or low pH.",""
,"145956736.0","8013","299_145956736.0.1","2025-11-13 15:23:04","2025-11-13 15:23:04",,,,,,,"",,"","/home/db/Documentos/David_Hito2/Glide/docking_results/SP/1E9Z-glide-grid_995","docking_pv.maegz",465,"",,,"",,,,,,,,,,,,,,,,,,,,,,,"",,299,21810,false,0,2,51139,"W0NIM11PYzFbY0hdW2NIXVtjSF1jKFtjSF0xKVtOSF1bQ0gyXUMoPU8pW05IXVtPSF0=","J2VwaWtfcHl0aG9uJywgJy1waHQnLCAnMC4wJywgJy1waCcsICc3LjAnLCAnLXRuJywgJzgnLCAnLW1hJywgJzIwMCcsICctaW1hZScsICc8aW5maWxlLm1hZT4nLCAnLW9tYWUnLCAnPG91dGZpbGUubWFlPic=",1.000,0.0037,0.0000,0.0037,0.0000,0.000,0,0,0,"OPLS3e",21.149,true,"145956736.0-1","glide-grid_995",294,6,-1.371,-0.098,-0.236,-0.377,-1.371,-1.316,0.000,0.000,-1.454,-5.047,-0.026,1.686,-0.032,0.765,-5.073,10.309,2,210,0.000,"This compound has a N-S or N-O group and may undergo hydrolysis at high or low pH.",""
,"71727110.0","8014","84_71727110.0.1","2025-11-13 15:23:04","2025-11-13 15:23:04",,,,,,,"",,"","/home/db/Documentos/David_Hito2/Glide/docking_results/SP/1E9Z-glide-grid_995","docking_pv.maegz",466,"",,,"",,,,,,,,,,,,,,,,,,,,,,,"",,84,30500,true,0,2,51139,"W0NIM11OKFtPSF0pQyg9TylbQ0gyXVtDQEBIXShbT0hdKWMxW2NIXWMoQ2wpW2NIXVtjSF1jMVtPSF0=","J2VwaWtfcHl0aG9uJywgJy1waHQnLCAnMC4wJywgJy1waCcsICc3LjAnLCAnLXRuJywgJzgnLCAnLW1hJywgJzIwMCcsICctaW1hZScsICc8aW5maWxlLm1hZT4nLCAnLW9tYWUnLCAnPG91dGZpbGUubWFlPic=",1.000,0.0103,0.0000,0.0103,0.0000,0.000,0,0,0,"OPLS3e",12.777,true,"71727110.0-1","glide-grid_995",84,7,-1.346,-0.084,-0.212,-0.357,-1.346,-1.679,-0.169,0.000,0.105,-1.949,-4.210,1.154,-0.029,1.143,-6.159,9.065,11,63,0.000,"This compound has a N-S or N-O group and may undergo hydrolysis at high or low pH.",""
,"72707665.0","8015","70_72707665.0.1","2025-11-13 15:23:04","2025-11-13 15:23:04",,,,,,,"",,"","/home/db/Documentos/David_Hito2/Glide/docking_results/SP/1E9Z-glide-grid_995","docking_pv.maegz",467,"",,,"",,,,,,,,,,,,,,,,,,,,,,,"",,70,75100,true,0,2,51139,"W0NIM11PYzFbY0hdW2NIXWMoW2NIXVtjSF0xKVtDQEBIXShbT0hdKVtDSDJdQyg9TylbTkhdW09IXQ==","J2VwaWtfcHl0aG9uJywgJy1waHQnLCAnMC4wJywgJy1waCcsICc3LjAnLCAnLXRuJywgJzgnLCAnLW1hJywgJzIwMCcsICctaW1hZScsICc8aW5maWxlLm1hZT4nLCAnLW9tYWUnLCAnPG91dGZpbGUubWFlPic=",1.000,0.0062,0.0000,0.0062,0.0000,0.000,0,0,0,"OPLS3e",10.777,true,"72707665.0-1","glide-grid_995",70,7,-1.312,-0.087,-0.216,-0.354,-1.312,-2.005,-0.086,0.000,0.198,4.990,-7.456,1.491,-0.040,8.220,-2.466,10.393,16,266,0.000,"This compound has a N-S or N-O group and may undergo hydrolysis at high or low pH.",""
,"15125023.0","8016","257_15125023.0.1","2025-11-13 15:23:04","2025-11-13 15:23:04",,,,,,,"",,"","/home/db/Documentos/David_Hito2/Glide/docking_results/SP/1E9Z-glide-grid_995","docking_pv.maegz",468,"",,,"",,,,,,,,,,,,,,,,,,,,,,,"",,257,49500,false,0,2,51139,"W0NIM11PYzFbY0hdW2NIXWMoW2NIXVtjSF0xKU9bQ0gyXUMoPU8pW05IXVtPSF0=","J2VwaWtfcHl0aG9uJywgJy1waHQnLCAnMC4wJywgJy1waCcsICc3LjAnLCAnLXRuJywgJzgnLCAnLW1hJywgJzIwMCcsICctaW1hZScsICc8aW5maWxlLm1hZT4nLCAnLW9tYWUnLCAnPG91dGZpbGUubWFlPic=",1.000,0.0172,0.0000,0.0172,0.0000,0.000,0,0,0,"OPLS3e",16.768,true,"15125023.0-1","glide-grid_995",252,6,-1.306,-0.093,-0.225,-0.359,-1.306,-1.841,0.000,0.000,0.108,2.672,-8.653,1.672,-0.081,7.076,-5.981,16.326,59,291,0.000,"This compound has a N-S or N-O group and may undergo hydrolysis at high or low pH.",""
,"CHEMBL462481","8017","134_CHEMBL462481.1","2025-11-13 15:23:04","2025-11-13 15:23:04",,,,,,,"",,"","/home/db/Documentos/David_Hito2/Glide/docking_results/SP/1E9Z-glide-grid_995","docking_pv.maegz",469,"",,,"",,,,,,,,,,,,,,,,,,,,,,,"",,134,790,false,0,2,51139,"W05IMl1bQ0gyXUMoPU8pW05IXVtDSDJdQyg9TylbTkhdW09IXQ==","J2VwaWtfcHl0aG9uJywgJy1waHQnLCAnMC4wJywgJy1waCcsICc3LjAnLCAnLXRuJywgJzgnLCAnLW1hJywgJzIwMCcsICctaW1hZScsICc8aW5maWxlLm1hZT4nLCAnLW9tYWUnLCAnPG91dGZpbGUubWFlPic=",,0.1406,0.1296,0.0110,0.1190,0.249,1,1,0,"OPLS3e",7.521,true,"CHEMBL462481-1","glide-grid_995",134,6,-1.305,-0.130,-0.281,-0.395,-1.424,-0.314,0.000,0.000,-2.249,-4.471,-8.023,2.666,-0.100,-12.812,-12.493,5.993,12,249,0.119,"This compound has a N-S or N-O group and may undergo hydrolysis at high or low pH.",""
,"145982530.0","8018","239_145982530.0.1","2025-11-13 15:23:04","2025-11-13 15:23:04",,,,,,,"",,"","/home/db/Documentos/David_Hito2/Glide/docking_results/SP/1E9Z-glide-grid_995","docking_pv.maegz",470,"",,,"",,,,,,,,,,,,,,,,,,,,,,,"",,239,41900,false,0,2,51139,"W0NIM11jMVtjSF1jKFtDSDNdKVtjSF1jKFtjSF0xKU9bQ0gyXUMoPU8pW05IXVtPSF0=","J2VwaWtfcHl0aG9uJywgJy1waHQnLCAnMC4wJywgJy1waCcsICc3LjAnLCAnLXRuJywgJzgnLCAnLW1hJywgJzIwMCcsICctaW1hZScsICc8aW5maWxlLm1hZT4nLCAnLW9tYWUnLCAnPG91dGZpbGUubWFlPic=",1.000,0.0172,0.0000,0.0172,0.0000,0.000,0,0,0,"OPLS3e",8.110,true,"145982530.0-1","glide-grid_995",234,5,-1.274,-0.091,-0.219,-0.350,-1.274,-2.087,0.000,0.000,-0.016,4.522,-6.652,1.700,-0.099,8.949,-2.130,11.270,10,370,0.000,"This compound has a N-S or N-O group and may undergo hydrolysis at high or low pH.",""
,"72707665.0","8019","70_72707665.0.1","2025-11-13 15:23:04","2025-11-13 15:23:04",,,,,,,"",,"","/home/db/Documentos/David_Hito2/Glide/docking_results/SP/1E9Z-glide-grid_995","docking_pv.maegz",471,"",,,"",,,,,,,,,,,,,,,,,,,,,,,"",,70,75100,true,0,2,51139,"W0NIM11PYzFbY0hdW2NIXWMoW2NIXVtjSF0xKVtDQEBIXShbT0hdKVtDSDJdQyg9TylbTkhdW09IXQ==","J2VwaWtfcHl0aG9uJywgJy1waHQnLCAnMC4wJywgJy1waCcsICc3LjAnLCAnLXRuJywgJzgnLCAnLW1hJywgJzIwMCcsICctaW1hZScsICc8aW5maWxlLm1hZT4nLCAnLW9tYWUnLCAnPG91dGZpbGUubWFlPic=",1.000,0.0062,0.0000,0.0062,0.0000,0.000,0,0,0,"OPLS3e",10.777,true,"72707665.0-1","glide-grid_995",70,7,-1.194,-0.080,-0.196,-0.322,-1.194,-1.732,0.000,0.000,0.459,0.425,-9.379,1.491,-0.026,6.374,-8.954,18.061,21,290,0.000,"This compound has a N-S or N-O group and may undergo hydrolysis at high or low pH.",""
,"CHEMBL462481","8020","134_CHEMBL462481.1","2025-11-13 15:23:04","2025-11-13 15:23:04",,,,,,,"",,"","/home/db/Documentos/David_Hito2/Glide/docking_results/SP/1E9Z-glide-grid_995","docking_pv.maegz",472,"",,,"",,,,,,,,,,,,,,,,,,,,,,,"",,134,790,false,0,2,51139,"W05IMl1bQ0gyXUMoPU8pW05IXVtDSDJdQyg9TylbTkhdW09IXQ==","J2VwaWtfcHl0aG9uJywgJy1waHQnLCAnMC4wJywgJy1waCcsICc3LjAnLCAnLXRuJywgJzgnLCAnLW1hJywgJzIwMCcsICctaW1hZScsICc8aW5maWxlLm1hZT4nLCAnLW9tYWUnLCAnPG91dGZpbGUubWFlPic=",,0.1406,0.1296,0.0110,0.1190,0.249,1,1,0,"OPLS3e",7.521,true,"CHEMBL462481-1","glide-grid_995",134,6,-1.060,-0.106,-0.228,-0.321,-1.179,-0.330,-0.046,0.000,-2.217,-11.015,-4.672,2.666,0.000,-15.142,-15.687,6.401,2,84,0.119,"This compound has a N-S or N-O group and may undergo hydrolysis at high or low pH.",""
,"46769546.0","8021","291_46769546.0.1","2025-11-13 15:23:04","2025-11-13 15:23:04",,,,,,,"",,"","/home/db/Documentos/David_Hito2/Glide/docking_results/SP/1E9Z-glide-grid_995","docking_pv.maegz",473,"",,,"",,,,,,,,,,,,,,,,,,,,,,,"",,291,2470,false,0,2,51139,"W09IXVtOSF1DKD1PKVtDSDJdW05IXWMxW2NIXVtjSF1jKENsKVtjSF1bY0hdMQ==","J2VwaWtfcHl0aG9uJywgJy1waHQnLCAnMC4wJywgJy1waCcsICc3LjAnLCAnLXRuJywgJzgnLCAnLW1hJywgJzIwMCcsICctaW1hZScsICc8aW5maWxlLm1hZT4nLCAnLW9tYWUnLCAnPG91dGZpbGUubWFlPic=",1.000,0.0036,0.0000,0.0036,0.0000,0.000,0,0,0,"OPLS3e",15.382,true,"46769546.0-1","glide-grid_995",286,5,-1.059,-0.081,-0.192,-0.297,-1.059,-2.065,-0.160,0.000,0.922,5.717,-7.421,1.219,-0.148,16.107,-1.704,19.209,9,136,0.000,"This compound has a N-S or N-O group and may undergo hydrolysis at high or low pH.",""
,"130842494.0","8022","259_130842494.0.1","2025-11-13 15:23:04","2025-11-13 15:23:04",,,,,,,"",,"","/home/db/Documentos/David_Hito2/Glide/docking_results/SP/1E9Z-glide-grid_995","docking_pv.maegz",474,"",,,"",,,,,,,,,,,,,,,,,,,,,,,"",,259,85100,false,0,2,51139,"W0NIM11jMVtjSF1bY0hdW2NIXWMoW2NIXTEpT1tDSDJdQyg9TylbTkhdW09IXQ==","J2VwaWtfcHl0aG9uJywgJy1waHQnLCAnMC4wJywgJy1waCcsICc3LjAnLCAnLXRuJywgJzgnLCAnLW1hJywgJzIwMCcsICctaW1hZScsICc8aW5maWxlLm1hZT4nLCAnLW9tYWUnLCAnPG91dGZpbGUubWFlPic=",1.000,0.0172,0.0000,0.0172,0.0000,0.000,0,0,0,"OPLS3e",15.739,true,"130842494.0-1","glide-grid_995",254,5,-0.947,-0.073,-0.171,-0.266,-0.947,-2.011,0.000,0.000,-0.114,-1.910,-3.748,1.924,-0.087,4.025,-5.659,9.183,25,155,0.000,"This compound has a N-S or N-O group and may undergo hydrolysis at high or low pH.",""
,"145984444.0","8023","256_145984444.0.1","2025-11-13 15:23:04","2025-11-13 15:23:04",,,,,,,"",,"","/home/db/Documentos/David_Hito2/Glide/docking_results/SP/1E9Z-glide-grid_995","docking_pv.maegz",475,"",,,"",,,,,,,,,,,,,,,,,,,,,,,"",,256,94700,false,0,2,51139,"W09IXVtOSF1DKD1PKVtDSDJdT2MxW2NIXVtjSF1bY0hdYyhbTitdKD1PKVtPLV0pW2NIXTE=","J2VwaWtfcHl0aG9uJywgJy1waHQnLCAnMC4wJywgJy1waCcsICc3LjAnLCAnLXRuJywgJzgnLCAnLW1hJywgJzIwMCcsICctaW1hZScsICc8aW5maWxlLm1hZT4nLCAnLW9tYWUnLCAnPG91dGZpbGUubWFlPic=",1.000,0.0172,0.0000,0.0172,0.0000,0.000,0,2,0,"OPLS3e",17.021,true,"145984444.0-1","glide-grid_995",251,6,-0.865,-0.058,-0.142,-0.233,-0.865,-1.734,0.000,0.000,0.079,3.380,-5.035,1.480,-0.103,8.565,-1.654,9.483,25,236,0.000,"This compound has a N-S or N-O group and may undergo hydrolysis at high or low pH.",""
,"59336415.0","8024","251_59336415.0.1","2025-11-13 15:23:04","2025-11-13 15:23:04",,,,,,,"",,"","/home/db/Documentos/David_Hito2/Glide/docking_results/SP/1E9Z-glide-grid_995","docking_pv.maegz",476,"",,,"",,,,,,,,,,,,,,,,,,,,,,,"",,251,57100,false,0,2,51139,"W0NIM11jMVtjSF1bY0hdYyhbY0hdW2NIXTEpT1tDSDJdQyg9TylbTkhdW09IXQ==","J2VwaWtfcHl0aG9uJywgJy1waHQnLCAnMC4wJywgJy1waCcsICc3LjAnLCAnLXRuJywgJzgnLCAnLW1hJywgJzIwMCcsICctaW1hZScsICc8aW5maWxlLm1hZT4nLCAnLW9tYWUnLCAnPG91dGZpbGUubWFlPic=",1.000,0.0172,0.0000,0.0172,0.0000,0.000,0,0,0,"OPLS3e",10.143,true,"59336415.0-1","glide-grid_995",246,5,-0.487,-0.037,-0.088,-0.137,-0.487,-2.049,0.000,0.000,0.551,-7.657,-2.571,1.924,-0.145,3.674,-10.228,12.948,35,360,0.000,"This compound has a N-S or N-O group and may undergo hydrolysis at high or low pH.",""
,"155553304.0","8025","85_155553304.0.1","2025-11-13 15:23:04","2025-11-13 15:23:04",,,,,,,"",,"","/home/db/Documentos/David_Hito2/Glide/docking_results/SP/1E9Z-glide-grid_995","docking_pv.maegz",477,"",,,"",,,,,,,,,,,,,,,,,,,,,,,"",,85,13400,true,0,2,51139,"W09IXVtOSF1DKD1PKVtDSDJdW0NAQEhdKFtPSF0pYzFbY0hdW2NIXWMoQ2wpW2NIXWMxQ2w=","J2VwaWtfcHl0aG9uJywgJy1waHQnLCAnMC4wJywgJy1waCcsICc3LjAnLCAnLXRuJywgJzgnLCAnLW1hJywgJzIwMCcsICctaW1hZScsICc8aW5maWxlLm1hZT4nLCAnLW9tYWUnLCAnPG91dGZpbGUubWFlPic=",1.000,0.0062,0.0000,0.0062,0.0000,0.000,0,0,0,"OPLS3e",6.717,true,"155553304.0-1","glide-grid_995",85,6,1.590,0.106,0.261,0.429,1.590,-1.833,0.000,0.000,3.736,9.651,-10.829,0.840,-0.011,24.468,-1.179,16.320,10,203,0.000,"This compound has a N-S or N-O group and may undergo hydrolysis at high or low pH.",""
